0.2920329
0.3401345
0.3554841
0.3881144
0.5381731
0.8001656
0.7985896
0.679002
0.737928
0.6827017
0.6996684
0.6999297
0.6349823
0.7762425
0.6240885
0.6582371
0.7408214
0.6764125
0.6223604
0.5488083
0.5578444
0.5297853
0.6364499
0.5908158
0.7060538
0.6229181
0.491675
0.5073572
0.5959976
0.5248921
0.4019359
0.6205545
0.7766365
0.8052127
0.693013
0.745927
0.5433202
0.5635539
0.5185207
0.5988736
0.6953835
0.7073111
0.6637793
0.566846
0.5043511
0.4390838
0.6887744
0.7308422
0.7217941
0.842856
0.7315597
0.8212067
0.7743535
0.818667
0.6444512
0.8032955
0.6256908
0.6768578
0.6438311
0.5247005
0.4321966
0.6205933
0.4755002
0.6170745
0.6233122
0.6132299
0.5090943
0.5768693
0.5604376
0.4674619
0.5325336
0.6025338
0.5524726
0.5047415
0.5586768
0.4435113
0.502623
0.5096409
0.469733
0.5279773
0.5369159
0.6540647
0.4957863
0.6298963
0.7906845
0.8026017
0.5847404
0.6783826
0.459441
0.5987967
0.594562
0.5045361
0.7448968
0.5469554
0.5942944
0.5194298
0.4978504
0.6970561
0.7849709
0.9532344
0.7630331
0.7599148
0.7956156
0.7971817
0.9421655
1.011945
1.065779
0.9000834
0.7770624
0.6105654
0.6186039
0.6786355
0.7866135
0.549084
0.6145499
0.5320548
0.3999119
0.6181085
0.5311709
0.5984145
0.6667264
0.6420985
0.4802933
0.6509403
0.6272502
0.8178515
0.5756214
0.6180132
0.5547359
0.8816586
0.7276735
0.6623236
0.7748381
0.6563067
0.7839277
0.7417796
0.8557282
0.768284
0.6277867
0.7313352
0.5935832
0.596269
0.8637639
0.7945027
0.8247472
0.7507738
0.7362706
0.6425653
0.5639591
0.6089979
0.3367323
0.3317738
0.3433711
0.3438293
0.3862569
0.3246056
0.377226
0.3992001
0.5133044
0.4194561
0.423527
0.4829695
0.4763217
0.5519626
0.5801795
0.6568724
0.7249075
0.6625684
0.699873
0.6230811
0.6739642
0.5811871
0.496175
0.5375095
0.8016214
0.5488879
0.7007405
0.8649857
0.6468734
0.5795514
0.6407795
0.6655524
0.6836429
0.5170337
0.4233662
0.3749357
0.3674656
0.3644916
0.4309657
0.4555025
0.6574544
0.7327057
0.6103706
0.6676274
0.7914637
0.8672183
0.7421647
0.6313308
0.5368227
0.5593173
0.5970111
0.7168715
0.51584
0.7793779
0.6767814
0.6974292
0.7513602
0.6432869
0.7252682
0.6356566
0.6740028
0.5481869
0.4770087
0.7575458
0.7451885
0.9034681
0.7986944
0.6684156
0.4971511
0.5361707
0.507985
0.4062606
0.3667612
0.3847846
0.4766567
0.4365451
0.5324693
0.5552203
0.5724343
0.5226424
0.7560131
0.7127607
0.6831434
0.6475473
0.7753669
0.7316875
0.6926641
0.5638639
0.6886087
0.8260253
0.6624147
0.5879513
0.6632942
0.7287507
0.8042404
0.7676702
0.8139333
0.8848408
0.7931917
0.860182
0.7972913
0.8726717
0.646693
0.6919348
0.828123
0.5609983
0.7322222
0.7127013
0.6833016
0.7152033
0.5606046
0.5486368
0.6573336
0.8125172
0.7224137
0.6004733
0.4687769
0.6608332
0.667911
0.5444112
0.3878172
0.4744935
0.5584776
0.5946754
0.5516659
0.3552292
0.4320697
0.4927384
0.5699637
0.480239
0.6106956
0.601177
0.7559551
0.6675357
0.5979178
0.757201
0.4947111
0.3994573
0.5837058
0.7027023
0.6862859
0.5877198
0.649265
0.9384154
0.691868
0.5840685
0.5736545
0.5093312
0.601736
0.6568899
0.612862
0.5637597
0.6103545
0.5570659
0.6005472
0.5933666
0.9118782
0.7529001
0.7956287
0.775563
0.6804621
0.7354339
0.5875675
0.6510066
0.637587
0.5414034
0.769055
0.7866312
0.7698818
0.7823421
0.59091
0.6113599
0.6329062
0.5738095
0.4967639
0.5333705
0.5518611
0.4780871
0.4134756
0.4712141
0.4854131
0.5452974
0.7137095
0.624372
0.7665608
0.6163117
0.4579304
0.5618558
0.458206
0.5262571
0.4844982
0.616958
0.4600041
0.5727749
0.5077812
0.6851508
0.6388667
0.7085391
0.5637844
0.5907486
0.5244509
0.5576246
0.4874089
0.4297475
0.4972716
0.4512989
0.5921872
0.7265541
0.6240464
0.7601729
0.794072
0.9648163
0.6126873
0.6852238
0.5287307
0.7640328
0.7827561
0.4989626
0.6184134
0.7050731
0.7736963
0.6690057
0.671693
0.6593699
0.6052919
0.7272649
0.6688449
0.6939298
0.7111152
0.6899754
0.8910172
0.6865821
0.5407201
0.5334792
0.5819523
0.527717
0.8292209
0.6738153
0.6229603
0.7180275
0.6915581
0.6983981
0.5162378
0.6773316
0.7458511
0.7158339
0.4442942
0.5405423
0.5373979
0.4635587
0.5347745
0.4487008
0.5701543
0.5801197
0.6924816
0.7255747
0.5995288
0.7582491
0.5585067
0.5887259
0.6068864
0.68043
0.6368355
0.6517994
0.6936626
0.8361922
0.6705639
0.6024702
0.5931588
0.5328019
0.6792736
0.5625506
0.6916412
0.5833139
0.374429
0.4658403
0.5420143
0.5773596
0.5205645
0.5009817
0.4832659
0.4880102
0.4366229
0.4871729
0.8135156
0.560135
0.6027395
0.5174584
0.831899
0.7388279
0.7935288
0.7246492
0.6552738
0.6929622
0.885504
0.6139567
0.6408777
0.6921212
0.4518445
0.5207043
0.5560567
0.5911675
0.7725599
0.8390243
0.7658567
0.7712368
0.5657587
0.6975284
0.6582819
0.5795931
0.4884494
0.4018106
0.5361088
0.6443486
0.5591773
0.5696015
0.6034037
0.671793
0.549624
0.4605461
0.4360689
0.5650868
0.7543187
0.5613408
0.6328871
0.6378169
0.6488353
0.4670275
0.3611877
0.4387252
0.4835244
0.5047282
0.5276503
0.6810069
0.8674552
0.8976945
0.6558885
0.7496923
0.6690812
0.7292412
0.733504
0.6323027
0.5833221
0.4783432
0.4533996
0.4501899
0.3473738
0.3929661
0.3666392
0.4557355
0.5235512
0.5607066
0.6230717
0.6990141
0.6539802
0.6414357
0.8219849
0.6888362
0.8211384
0.5745038
0.6326928
0.8450195
0.6254753
0.6953963
0.7968168
0.579464
0.6019752
0.6644431
0.6481276
0.4523765
0.5111253
0.5137012
0.5764711
0.7407179
0.8010307
0.8650733
0.8180103
0.7927696
0.7777643
0.721358
0.5600514
0.7764493
0.9192149
0.8409296
0.6736121
0.6388302
0.5239647
0.2502991
0.3146016
0.5134343
0.4163523
0.6279118
0.5423598
0.5148492
0.452417
0.7692236
0.6098254
0.4261941
0.5273034
0.5037593
0.4486802
0.4505181
0.4656867
0.4329942
0.6032534
0.5995536
0.5062857
0.5035962
0.6684207
0.5344713
0.6480957
0.7076623
0.6759926
0.578016
0.4402749
0.6621515
0.6616461
0.5556139
0.4072039
0.4354899
0.3062775
0.5238816
0.5606002
0.501261
0.4693691
0.5113591
0.6206686
0.8305482
0.8178051
0.6571775
0.7678067
0.5914323
0.5442399
0.7236731
0.5050521
0.6170403
0.4808477
0.5040944
0.5250444
0.492898
0.5718636
0.4863071
0.4020958
0.5341804
0.6352791
0.4015916
0.3526464
0.2677228
0.30158
0.4949069
0.3886159
0.4186404
0.4713736
0.6909986
0.5817724
0.5582776
0.6552269
0.5593247
0.6559086
0.6681716
0.8507315
0.6676961
0.6111884
0.6628465
0.6980949
0.5668378
0.6269892
0.7203733
0.8181161
0.6015572
0.6507944
0.8919038
0.6156119
0.4927017
0.7036677
0.4250722
0.4540434
0.6698248
0.8446381
0.9342585
0.7189186
0.6694969
0.7064136
0.7168417
0.4746952
0.4523489
0.4979282
0.5860651
0.5856622
0.575578
0.6408408
0.5489139
0.5954529
0.6200773
0.8300078
0.7262464
0.9389613
0.7406028
0.7579435
0.8052484
0.8655451
0.5147452
0.5341316
0.5279041
0.5458379
0.4861611
0.465009
0.4648986
0.5687981
0.5554371
0.4890678
0.5771912
0.506412
0.5627198
0.568938
0.7196125
0.5328479
0.5317468
0.6459213
0.4149179
0.5618982
0.646811
0.5181294
0.5187071
0.5875034
0.8161175
0.8908581
0.7212984
0.6710987
0.629913
0.7263902
0.9631442
0.6402718
0.7273105
0.6308434
0.7878002
0.7915778
0.9269988
0.7928373
0.7911157
0.6573925
0.6428698
0.5331265
0.721004
0.7697032
0.8523407
0.8388331
0.7703149
0.640549
0.5309143
0.5994715
0.6459336
0.6719444
0.7342943
0.7309367
0.5010197
0.5489806
0.4881959
0.3333808
0.3931054
0.2927918
0.3940256
0.4238407
0.5308355
0.4323936
0.5356826
0.402998
0.4717178
0.5465969
0.5062
0.548553
0.7502171
0.6914179
0.6619795
0.6058063
0.5007044
0.4566738
0.5694355
0.3500764
0.6266534
0.5872584
0.6729718
0.5902248
0.4546526
0.4561367
0.4885325
0.5551868
0.8372607
0.8297939
0.7833245
0.5807464
0.4588751
0.3872897
0.5471643
0.6115379
0.5699196
0.6041127
0.5478639
0.6807032
0.6753168
0.6951141
0.5802387
0.7059153
0.5808471
0.7826446
0.5665386
0.8714048
0.8248525
0.8583327
0.816839
0.6940774
0.6556604
0.8360619
0.6694783
0.6340397
0.6934622
0.6666706
0.9331455
0.7226136
0.8652766
0.7904813
0.7368545
0.6115487
0.6307323
0.6977323
0.7353656
0.6401891
0.6356816
0.6972587
0.6835321
0.5539234
0.5749459
0.5588183
0.5954408
0.6718078
0.5952135
0.6121179
0.5817244
0.5294637
0.3508346
0.6079674
0.4870168
0.4551632
0.537897
0.4563191
0.5051495
0.5614635
0.5669239
0.6005855
0.6300211
0.5797851
0.581753
0.7766904
0.6926825
0.7317439
0.7939024
0.8840434
0.9009378
0.7744029
0.5033428
0.4659349
0.4213171
0.474347
0.4685151
0.4461643
0.5244534
0.5505727
0.5557917
0.4782371
0.6255725
0.5709719
0.5663185
0.4599932
0.5129029
0.6256105
0.6327573
0.7759629
0.707477
0.7112855
0.7956185
0.8434372
0.7591811
0.6348045
0.7363304
0.5112185
0.6023001
0.6539341
0.6314448
0.7070542
0.5874151
0.6642026
0.5461966
0.6680447
0.5581834
0.5828069
0.4388954
0.4288583
0.3984191
0.3646525
0.4285473
0.5068677
0.3848227
0.5218219
0.6026682
0.6262031
0.9443183
0.8402689
0.7275265
0.6499051
0.6228295
0.6319884
0.6201614
0.8310929
0.7357238
0.8600983
0.6908222
0.5789463
0.6465433
0.5848507
0.8489356
0.6267049
0.5692694
0.7701948
0.7318524
0.8624615
0.7171696
0.8124747
0.6957276
0.4680511
0.4487205
0.5441489
0.5279982
0.8617715
0.8881359
0.6972355
0.5615377
0.4913223
0.5826086
0.5368795
0.4974057
0.6299951
0.5862935
0.6308164
0.6665276
0.6981928
0.7025961
0.5708883
0.4475988
0.5978897
0.6341765
0.7012805
0.757536
0.752363
0.6600389
0.5353548
0.7043238
0.654082
0.4652744
0.618178
0.6426373
0.627159
0.5279328
0.5478754
0.590394
0.5745182
0.6050625
0.678181
0.7170566
0.7448355
0.6605986
0.6526111
0.445023
0.5896179
0.4969563
0.447712
0.5874934
0.5066584
0.5497822
0.4612824
0.4517576
0.498073
0.770813
0.49415
0.6502116
0.6553862
0.6500981
0.4699483
0.4732376
0.5617191
0.6280914
0.5760703
0.6235388
0.6733974
0.6723127
0.5038582
0.5884652
0.5521059
0.7492299
0.670336
0.6516498
0.8037809
0.8568999
0.6971713
0.658431
0.5868916
0.7925498
0.8786103
0.870311
0.6583515
0.640105
0.5850375
0.6227068
0.6971066
0.6831044
0.4839436
0.5980525
0.8186697
0.7414448
1.054768
0.8796716
0.7545143
0.724957
0.5892015
0.5320294
0.4395961
0.4540112
0.4801366
0.5916677
0.7717563
0.8118902
0.7349925
0.6188838
0.7661778
0.7202072
0.7454767
0.5670775
0.4130877
0.4755623
0.4558258
0.4207812
0.30507
0.3808798
0.343755
0.3157061
0.3204516
0.311277
0.458704
0.4390075
0.5116399
0.5611328
0.5977952
0.6505917
0.5232148
0.6356122
0.7049298
0.7962604
0.6095811
0.592943
0.5548757
0.4725737
0.5745033
0.6133582
0.600603
0.7298491
0.7186011
0.5958819
0.5100869
0.4853944
0.5038521
0.5070892
0.4802731
0.5075895
0.5426404
0.5520038
0.5728009
0.7033404
0.651468
0.4729819
0.4472113
0.5204966
0.5938189
0.5818496
0.4303913
0.3942681
0.4683022
0.5444907
0.6567307
0.6389436
0.5021409
0.802853
0.7425376
0.6845384
1.030826
1.135361
0.8326262
0.9276421
0.5228729
0.5633428
0.6492254
0.57968
0.5469522
0.4944525
0.4041906
0.4519689
0.6178144
0.5486996
0.6877531
0.586035
0.6013866
0.388422
0.5239302
0.5807034
0.5905808
0.60449
0.5738856
0.3860763
0.434938
0.4956842
0.5118015
0.8877856
0.647846
0.6185341
0.7498254
0.5897943
0.7785748
0.7236605
0.5951392
0.5881476
0.5627167
0.6654687
0.6168865
0.862884
0.8399803
0.7142774
0.8496195
0.7013968
0.7123973
0.7294413
0.6620351
0.5555038
0.6224013
0.5393201
0.690128
0.5655981
0.7353832
0.5253895
0.9283235
0.7144533
0.6672979
0.5440758
0.6439445
0.5046447
0.5261919
0.471271
0.5423526
0.3463651
0.4873232
0.4507563
0.4970328
0.412352
0.4139146
0.5004252
0.5338576
0.5281789
0.4869578
0.5384668
0.6188154
0.6856546
0.6353449
0.6145352
0.4750384
0.5864123
0.5974359
0.5508757
0.429604
0.4247161
0.473621
0.6213853
0.5051702
0.4603242
0.43343
0.5838428
0.4558551
0.4149162
0.5034501
0.4819548
0.52867
0.6290345
0.7116411
0.6813411
0.7610498
0.640659
0.6759757
0.5461945
0.5163735
0.5222188
0.6135866
0.6040377
0.4776476
0.4635314
0.4462739
0.4301846
0.5611239
0.447808
0.4668825
0.4044536
0.4081533
0.4778025
0.5058164
0.5092683
0.6093746
0.9229158
0.737145
0.4973509
0.5489646
0.6647662
0.7084385
0.6711282
0.6604302
0.6482598
0.5157683
0.5333572
0.4029016
0.4056581
0.3845007
0.4946046
0.6007307
0.5703282
0.4734746
0.5907269
0.6431158
0.6212454
0.6519045
0.5337295
0.4753186
0.5460196
0.6436433
0.5779962
0.5230928
0.6181284
0.5312554
0.48336
0.4231337
0.3724001
0.3638662
0.3452358
0.5270087
0.749528
0.8706592
0.6596478
0.6591223
0.8449361
0.8220386
0.7170299
0.4396154
0.6090237
0.6415322
0.4874643
0.4021141
0.4769118
0.643259
0.7129731
0.5656307
0.6341549
0.6925902
0.5115107
0.5838365
0.4688683
0.6129243
0.6015227
0.5712149
0.5793539
0.5022857
0.4578197
0.6422087
0.4277623
0.3764106
0.6385433
0.7583382
0.5792473
0.6195755
0.6068845
0.5733229
0.6530703
0.750324
0.8356315
0.6638353
0.6795264
0.6864234
0.6486839
0.4286904
0.3512571
0.4831245
0.5626182
0.6784688
0.5365382
0.8246825
0.5921057
0.4625647
0.5150365
0.6563554
0.609495
0.7793977
0.5086265
0.5426013
0.5846832
0.7966211
0.5774856
0.7282526
0.783388
0.701694
0.8879902
1.032641
0.7045241
0.9171554
0.7293642
0.631827
0.7612225
0.5437417
0.5599652
0.5736528
0.5695333
0.6442196
0.6377349
0.7343169
0.6454034
0.6546496
0.5559742
0.6304536
0.5138226
0.5557804
0.3345886
0.5101584
0.4193902
0.4819418
0.6140177
0.6280483
0.5893162
0.6906779
0.4863765
0.4656129
0.5080646
0.6468936
0.5213137
0.5664387
0.6941153
0.6876911
0.8614024
0.6428531
0.7346559
0.7163379
0.8660585
0.7896974
0.6988585
0.5764027
0.4389456
0.4794858
0.5514737
0.6399227
0.6884978
0.7935762
0.7904995
0.961148
0.7000991
0.6059683
0.7155473
0.9136393
0.5704197
0.5734091
0.6774251
0.7067137
0.583978
0.8060907
0.7432735
0.7142008
0.7235463
0.8156405
0.7491191
0.6305811
0.4826184
0.5815448
0.5368902
0.7145035
0.7366562
0.5964319
0.5915795
0.6022699
0.6070415
0.6407982
0.5303594
0.7255057
0.7853753
0.5266238
0.6860111
0.7956775
0.6003468
0.4317659
0.385015
0.4841848
0.4822831
0.4750172
0.4502846
0.6424435
0.8208096
0.5808276
0.5698694
0.448154
0.3442138
0.4970462
0.3803358
0.3401795
0.4471365
0.4447045
0.4064151
0.383554
0.525423
0.5704676
0.5328091
0.4313553
0.6257745
0.5221878
0.4792105
0.701854
0.5856552
0.5061729
0.4864768
0.4922866
0.6006034
0.5627893
0.5462273
0.4494265
0.4708984
0.6936591
0.6192638
0.5659042
0.5749303
0.5407808
0.6604305
0.5519999
0.6728571
0.6504573
0.4294933
0.4823918
0.4470596
0.3851747
0.5380327
0.508981
0.4120434
0.4246093
0.5874471
0.6550675
0.5875253
0.6709262
0.6964991
0.6754838
0.5695725
0.6238541
0.6260321
0.6359975
0.6103579
0.547938
0.8513933
0.6413638
0.8316105
0.675906
0.7833554
0.7269593
0.7344453
0.6127023
0.6791583
0.6318773
0.6750503
0.7470736
0.5961839
0.4038029
0.6316394
0.8072283
0.8456856
0.6283154
0.652373
0.4700929
0.4168031
0.4651082
0.4532048
0.5354282
0.4333904
0.4261218
0.5384719
0.6066927
0.4216683
0.3940791
0.4478251
0.4216385
0.482723
0.4356803
0.5559884
0.5194147
0.4297294
0.3230904
0.3715825
0.5908674
0.5664349
0.5452652
0.4430397
0.4156336
0.5605244
0.5937839
0.4998969
0.4848067
0.5502801
0.7734767
0.7214018
0.6357324
0.6769715
0.8452319
0.8062851
0.7791481
0.5652997
0.4871199
0.6501029
0.6412065
0.6016234
0.4431547
0.4594504
0.6761354
0.5027925
0.4965176
0.5339422
0.4308008
0.4550119
0.6984768
0.5035162
0.4841808
0.6424764
0.5742887
0.6885992
0.6403693
0.424241
0.480324
0.6062586
0.4823567
0.4122082
0.4244917
0.5277895
0.6446576
0.6376899
0.6316477
0.6146274
0.4269848
0.5279696
0.4103451
0.5484805
0.4466852
0.5150573
0.542384
0.5371526
0.4249987
0.4360935
0.5023762
0.6146196
0.5235797
0.6814321
0.5697197
0.7141134
0.7034959
0.6738323
0.6477501
0.6978436
0.5070265
0.605133
0.7633112
0.6920837
0.9069399
0.8613258
0.7733215
0.6203973
0.7082399
0.454932
0.5774617
0.44292
0.5550827
0.6924192
0.8157982
0.6302239
0.6612061
0.8190542
0.6298399
0.6906022
0.7217713
0.8538203
0.8447974
0.6955582
0.687953
0.8178701
0.6043897
0.771577
0.4847373
0.5851969
0.5840587
0.5061247
0.4903187
0.5052621
0.5551606
0.7062746
0.5586276
0.5237619
0.6448959
0.7092114
0.6342293
0.608628
0.622912
0.6902234
0.7726883
0.7058073
0.7607581
0.6760562
0.5019718
0.5593097
0.6874988
0.7148628
0.5739536
0.4910115
0.5058789
0.7412205
0.6688458
0.7444131
0.5650506
0.542714
0.716132
0.8187201
0.7382764
0.7735573
0.7753355
0.6935455
0.7877162
0.6166431
0.6429431
0.5126176
0.5898187
0.5544993
0.7128868
0.6806088
0.614163
0.6500561
0.6162612
0.5610508
0.6843523
0.5363794
0.4191646
0.4881033
0.5782959
0.5262983
0.521259
0.5424604
0.5801447
0.5348452
0.6222935
0.631117
0.7102736
0.8555286
0.5198866
0.5421275
0.4886515
0.5899607
0.408792
0.649799
0.7264836
0.6792797
0.6887303
0.6048163
0.5529612
0.618426
0.7369473
0.7544117
0.5116945
0.6767225
0.6786881
0.5497664
0.52249
0.5484441
0.5403039
0.6122407
0.445064
0.4788901
0.5952
0.6951216
0.8339441
0.7846387
0.7591598
0.7362057
0.9144223
0.7071834
0.6006079
0.6798456
0.5225976
0.6153256
0.6392891
0.7212092
0.7392995
0.7492859
0.7065754
0.5150057
0.6504089
0.8081876
1.13047
0.7951485
0.7764715
0.8276831
0.7619832
0.6168968
0.7045153
0.5730254
0.7818905
0.7171958
0.9338085
0.7511655
0.6873674
0.4721276
0.4455829
0.2758446
0.5128774
0.4576782
0.5886613
0.57582
0.5749041
0.7234734
0.5039898
0.4972568
0.5588261
0.5499705
0.5544095
0.5751688
0.6748685
0.6138167
0.6816478
0.7514068
0.7401082
0.7385342
0.8466724
1.114614
0.7489857
0.6027781
0.6468812
0.7491844
0.5479916
0.692801
0.5806994
0.7334779
0.7949688
0.8235817
0.7044199
1.062107
1.058896
0.7337366
0.89751
0.8853063
0.8071062
0.7383989
0.5779049
0.4930196
0.4714208
0.5146088
0.5104832
0.5570791
0.6300767
0.6188781
0.7130223
0.7236503
0.5864756
0.5201313
0.4747813
0.551107
0.6483855
0.5407966
0.4371261
0.4533781
0.450775
0.7147617
0.7076433
0.5763379
0.5826332
0.7494284
0.7373956
0.7732745
0.8255908
0.5390562
0.4204638
0.473885
0.4288862
0.4643495
0.6731573
0.5989549
0.6832696
0.5346702
0.4080801
0.4877748
0.6611336
0.5974218
0.5058538
0.686246
0.5866057
0.5689184
0.6814131
0.5098909
0.710407
0.824427
0.6757299
0.6209296
0.6418368
0.5266307
0.5259531
0.5784059
0.3806206
0.3984778
0.400152
0.6209245
0.6119037
0.5427914
0.5128779
0.7005525
0.6325291
0.6755173
0.8541205
0.8512621
0.8930921
0.8349363
0.648347
0.6482397
0.6200592
0.5264944
0.6136434
0.7687675
0.5927849
0.7246964
0.6071834
0.625609
0.7471791
0.6370201
0.68465
0.7851272
0.670086
0.593641
0.5422845
0.5303738
0.5023061
0.6535271
0.6187577
0.5919606
0.5296905
0.6463612
0.8963749
0.5598182
0.6657977
0.5375402
0.4454709
0.4404173
0.5616138
0.619591
0.6838518
0.6388846
0.6361685
0.6627766
0.6451951
0.5478972
0.4554852
0.5152496
0.6072315
0.6356084
0.5583943
0.5106958
0.549934
0.5325535
0.6370232
0.628232
0.5762273
0.8330081
0.5443899
0.7386027
0.569333
0.3505046
0.5531594
0.5138141
0.597423
0.5862154
0.6215965
0.6737794
0.5956481
0.6186738
0.6166916
0.460666
0.5311102
0.6501924
0.5232665
0.5206104
0.6510829
0.3569279
0.2961646
0.3781953
0.5080212
0.7731833
0.7267638
0.6380741
0.8539877
0.5689145
0.548187
0.6047921
0.7715501
0.8478649
0.6377163
0.4545922
0.5239829
0.5449929
0.7975023
0.6727943
0.8187957
0.6479705
0.4978697
0.6904531
0.5756822
0.6165798
0.6259067
0.5957136
0.5151182
0.5130573
0.5348537
0.596413
0.759106
0.6741167
0.555719
0.6353799
0.7393297
0.5827151
0.6885154
0.5844083
0.6192078
0.5851158
0.6113948
0.7203302
0.556491
0.6618506
0.5952444
0.6360698
0.6946555
0.5218665
0.5007045
0.4776933
0.3643203
0.3281379
0.3148779
0.3156587
0.4396807
0.3981584
0.555602
0.4541197
0.5419806
0.7664411
0.9198623
1.062652
0.7185478
0.8190599
0.7499036
0.7429929
0.7329039
0.7792295
0.8249248
1.096772
0.9371323
0.8319945
0.6521925
0.5953197
0.6121405
0.6164952
0.6567242
0.5824325
0.4602935
0.6193767
0.6451478
0.6205405
0.5657262
0.5733945
0.5489243
0.590283
0.4941263
0.6099918
0.5616344
0.3842615
0.5402041
0.6552024
0.6872659
0.4726309
0.5922041
0.7070177
0.5726352
0.5386017
0.4923021
0.5687512
0.57715
0.5293848
0.4871777
0.4424603
0.437767
0.6551048
0.5342509
0.5989346
0.4450789
0.4819322
0.588614
0.6778476
0.7320104
0.6343409
0.781533
0.7837601
0.64875
0.6186803
0.6165403
0.4673501
0.4985463
0.5985757
0.4063354
0.3864479
0.3804956
0.2899503
0.4066727
0.514677
0.5662925
0.4780397
0.5873785
0.6818683
0.6511985
0.6033316
0.4172707
0.4235308
0.3932139
0.5446619
0.5240288
0.4555739
0.4418657
0.6183259
0.3861378
0.4939976
0.4676843
0.503835
0.5192625
0.4537962
0.5146683
0.7489981
0.5501633
0.6129827
0.6284164
0.6225921
0.5107821
0.6289397
0.5768124
0.5772396
0.5421799
0.3840071
0.3780702
0.4061479
0.4554212
0.5217663
0.351475
0.4329889
0.4445495
0.3473133
0.3709553
0.262836
0.3679208
0.4055278
0.669439
0.6435455
0.5869171
0.5779803
0.7076614
0.725785
0.7477792
0.5181454
0.6461153
0.5751586
0.6858287
0.6402405
0.7151996
0.7940303
0.6078408
0.6716574
0.5511863
0.9020162
0.6683587
0.5618371
0.6383322
0.7529656
0.6602528
0.585953
0.6991703
0.5909729
0.6235523
0.5220823
0.5162956
0.4962505
0.5395629
0.5010531
0.3735335
0.279561
0.3496264
0.5223704
0.4972156
0.4896166
0.5515242
0.5322912
0.6122731
0.6891495
0.5986506
0.668356
0.566939
0.6600017
0.7599197
0.6995464
0.6098834
0.7385464
0.7126271
0.6592639
0.6803941
0.6667142
0.7301712
0.6836852
0.7586365
0.839064
0.7500597
0.707111
0.6935224
0.8140324
0.8958055
0.7926763
0.6105251
0.7473831
0.8378223
0.614342
0.6961499
0.7415655
0.620379
0.5480787
0.6173234
0.6074494
0.5484535
0.4882768
0.6482186
0.7929032
0.6510922
0.4200807
0.5188733
0.5063277
0.5824774
0.5454653
0.7058936
0.494403
0.3991232
0.4246008
0.3645687
0.448518
0.5787021
0.6490628
0.7380806
0.6977025
0.7383646
0.6004676
0.6184455
0.5611317
0.6702296
0.6594833
0.5206352
0.6519145
0.4568054
0.4419034
0.4835058
0.3410667
0.4627125
0.5757667
0.596128
0.6285911
0.6143617
0.544157
0.4524109
0.6136195
0.5675801
0.5884142
0.5785902
0.5648776
0.6616336
0.6208758
0.6627217
0.586444
0.7471719
0.956379
0.6689943
0.7354075
0.5189506
0.7234594
0.9224134
0.8520766
0.4507656
0.4084278
0.4633253
0.5995982
0.6389843
0.4071169
0.4632686
0.4753316
0.6018966
0.5601167
0.5787407
0.5587093
0.6658919
0.6051592
0.6467734
0.8948425
0.7600365
0.7560515
0.7790209
0.8634152
0.976924
0.9351783
0.5882643
0.5880558
0.6497257
0.5791216
0.7505172
0.8713633
0.7412179
0.7597482
0.7535699
0.7727033
0.5048752
0.546832
0.5868213
0.6628277
0.5542966
0.7163789
0.5442233
0.6458559
0.6599717
0.6132276
0.6312177
0.5273487
0.5350271
0.525088
0.3779966
0.4563106
0.5152384
0.59956
0.5906281
0.5776547
0.6336854
0.6634084
0.7756511
0.6888328
0.5377665
0.6572807
0.6459319
0.5534152
0.5991294
0.6017539
0.5667569
0.6357731
0.7286462
0.6469589
0.6663572
0.6430241
0.5393142
0.563686
0.5717185
0.4668499
0.6702135
0.7010583
0.626863
0.6923608
0.5084493
0.5476553
0.5085221
0.6448817
0.647937
0.6900612
0.6363609
0.5465003
0.4396334
0.5534377
0.640123
0.5678259
0.7158178
0.523625
0.5578366
0.5381478
0.514836
0.6230445
0.6177193
0.7563391
0.9417996
0.7593783
0.7292424
0.5740531
0.69489
0.4863547
0.5576492
0.4465288
0.5147087
0.7155388
0.619692
0.659794
0.5052635
0.6704543
0.5817101
0.7977363
0.5839041
0.6689088
0.5570712
0.5221259
0.4981919
0.4386548
0.5701853
0.4261572
0.4318065
0.5821524
0.7162604
0.8481851
0.7043168
0.8691421
0.5556593
0.3790848
0.4427329
0.4190574
0.4350941
0.4821616
0.4384499
0.3084724
0.2904866
0.3047774
0.3364228
0.372591
0.5198349
0.7064144
0.637874
0.6875512
0.58517
0.6509244
0.4880391
0.6393634
0.571429
0.7065252
0.7454978
0.553686
0.5707131
0.6457548
0.5087807
0.6385785
0.5520346
0.6615262
0.8040062
0.6400634
0.6164167
0.5549206
0.4698613
0.5354548
0.5713285
0.4482271
0.4896543
0.5880362
0.6112399
0.5915046
0.557151
0.4370126
0.486914
0.4324863
0.6120692
0.3785689
0.3169356
0.3116998
0.3860702
0.3255114
0.3042393
0.3786375
0.4350263
0.5307596
0.5197546
0.3779881
0.4010373
0.547223
0.7104759
0.6786653
0.6580037
0.6393477
0.6302268
0.5677733
0.4965129
0.5642605
0.5047262
0.594264
0.6304112
0.6039236
0.428017
0.4604616
0.6220509
0.6572088
0.6194995
0.6027983
0.3905002
0.4388285
0.4784449
0.3903667
0.4673449
0.4223668
0.3693341
0.4437955
0.3678473
0.3603681
0.3903342
0.3720634
0.51613
0.5746091
0.5369864
0.6115451
0.5876791
0.6001006
0.88742
0.7209043
1.017914
0.8385965
0.7915578
0.5690653
0.6390464
0.6713713
0.5961084
0.4990914
0.5570548
0.5137646
0.3906387
0.5113939
0.435204
0.4710685
0.4535374
0.5432887
0.562216
0.5020306
0.6931327
0.5821048
0.6963472
0.6322332
0.5289069
0.6986227
0.4850216
0.4366764
0.4394188
0.736683
0.5778622
0.4941953
0.598044
0.4870738
0.5331358
0.6147109
0.4907349
0.5416827
0.6379422
0.6478978
0.6151651
0.7745766
0.6671313
0.9141852
0.6571616
0.7210171
0.6548841
0.6741636
0.5162682
0.4539378
0.3624861
0.4758852
0.4830648
0.4812947
0.5488461
0.502995
0.510757
0.5765846
0.478004
0.6446443
0.719046
0.8860218
0.7428207
0.5863407
0.6748731
0.6633906
0.6650949
0.7712655
0.6240295
0.5907643
0.5974451
0.5658129
0.4868648
0.5286964
0.5883943
0.5804521
0.6535648
0.6840847
0.7387791
0.6117666
0.5015885
0.7158461
0.872279
0.6730331
0.6402966
0.7176898
0.7864369
0.6653784
0.8877025
0.6990145
0.813255
0.8257184
0.54365
0.4348087
0.4670297
0.5628266
0.5296949
0.7440342
0.8277824
0.705227
0.6852125
0.5213119
0.390553
0.5018816
0.4327154
0.4318077
0.6221955
0.612869
0.5372323
0.53532
0.6175303
0.4892799
0.6374148
0.6950028
0.5485696
0.7467437
0.6292862
0.5532661
0.6422835
0.8128081
0.744516
0.6709255
0.6108763
0.6858664
0.6058653
0.6001215
0.6519541
0.7601985
0.5459906
0.6186981
0.477432
0.4625603
0.5181193
0.3851675
0.5748127
0.6298509
0.5384083
0.3869135
0.4150275
0.4180507
0.3987793
0.6378897
0.5707873
0.7324547
0.6342981
0.5318385
0.8241685
0.7162692
0.6590198
0.637912
0.5673618
0.6300753
0.523379
0.5612038
0.5590466
0.5551404
0.5453535
0.5659959
0.5343756
0.4900145
0.4056902
0.4908498
0.6268844
0.5025653
0.4921962
0.5037153
0.5272278
0.5368317
0.4806811
0.5716633
0.3585756
0.3208206
0.6003639
0.6632161
0.6207
0.7001518
0.6793579
0.4738464
0.5860978
0.6198266
0.6755547
0.5526716
0.5084357
0.5971665
0.6491167
0.6641184
0.743403
0.6948943
0.5910489
0.5435383
0.4939745
0.6205096
0.6615929
0.425301
0.3269682
0.3789655
0.4430592
0.4800958
0.6007813
0.4581012
0.7051308
0.618347
0.4902909
0.4595548
0.5547528
0.6149989
0.6619278
0.5912332
0.5888503
0.6636433
0.4326102
0.58657
0.6157015
0.6729203
0.8397906
0.9633583
0.7807979
0.871793
0.9293625
0.8362944
0.5880349
0.5501811
0.7705001
0.8076655
0.6635938
0.5584009
0.5934687
0.5978788
0.7443045
0.8282264
0.7058901
0.7187058
0.5988055
0.8496268
0.7310694
0.5167955
0.7007263
0.7558097
0.7850721
0.5424466
0.643717
0.9026569
0.7405797
0.7170157
0.7354921
0.7735849
0.7489461
0.6220199
0.7824433
0.700868
0.8780108
0.8140142
0.8298165
0.697001
0.5117981
0.5890646
0.5461204
0.6116997
0.5744741
0.5076438
0.6056676
0.6106064
0.5529424
0.629392
0.7110563
0.9053573
0.7840666
0.6881805
0.4816272
0.5386618
0.4440998
0.4440629
0.402817
0.4183322
0.496414
0.3203829
0.3623868
0.3940315
0.3352621
0.5136221
0.5590271
0.5837129
0.5590739
0.6556438
0.484939
0.6108651
0.7062527
0.5481741
0.6466938
0.6967471
0.774359
0.7347748
0.5215973
0.7627688
0.674799
0.768141
0.6323717
0.6997116
0.6434566
0.6443947
0.5942233
0.5725109
0.6103053
0.7032804
0.5352072
0.5584123
0.5603679
0.4380786
0.5407376
0.6422449
0.6221219
0.6192276
0.6014033
0.5626064
0.5813479
0.5152194
0.4891524
0.6034425
0.7384654
0.5586533
0.6164438
0.5726831
0.790785
0.6009889
0.6269703
0.6093088
0.7327989
0.5983233
0.5789063
0.6427392
0.6317704
0.7922631
0.682114
1.049605
0.7162532
0.8031946
0.6218726
0.7556795
0.7513313
0.7484701
0.6133313
0.6703901
0.707513
0.7599608
0.8592771
0.6331225
0.5489163
0.5960115
0.604072
0.5900042
0.638881
0.6131695
0.5906037
0.4552451
0.4763353
0.9014326
0.7473004
0.5868797
0.5513307
0.699333
0.6258487
0.7853727
0.5239978
0.6556334
0.8431295
0.6766012
0.7018454
0.5497031
0.7350473
0.5998227
0.5539295
0.5016036
0.505402
0.3724251
0.353807
0.4333169
0.3841464
0.5306946
0.5213155
0.5935387
0.580293
0.7365041
0.8759598
0.6380211
0.479295
0.276954
0.3451391
0.419372
0.5115813
0.5352057
0.460972
0.498904
0.4534696
0.8505225
0.7662426
0.8232092
0.7845818
0.6339647
0.6314858
0.7709079
0.7286692
0.6211754
0.4532673
0.5283304
0.7108909
0.702042
0.7510595
0.6453312
0.4973674
0.4193027
0.42127
0.5551871
0.5136232
0.4367881
0.5092643
0.5060254
0.3843656
0.4981778
0.5460145
0.4714635
0.5187604
0.5264259
0.4681676
0.4030405
0.4571932
0.7176774
0.6300485
0.7625955
0.4660855
0.3576776
0.5956238
0.4974904
0.5022045
0.6283915
0.5103729
0.594064
0.6924439
0.5905534
0.6102562
0.7009376
0.6267296
0.6346328
0.6616255
0.7713545
0.6743879
0.6812653
0.7232021
0.5893274
0.5979097
0.6420159
0.5886591
0.5327897
0.5948039
0.668654
0.740689
0.8953908
0.6659256
0.6043452
0.609202
0.553745
0.5228195
0.4132186
0.6064875
0.5129833
0.4978051
0.5093729
0.3911241
0.4244384
0.7305006
0.5124401
0.5603478
0.6268029
0.8128955
0.7139372
0.608966
0.6118792
0.4148785
0.5342731
0.5991452
0.5121505
0.5886021
0.5889397
0.7293655
0.7480454
0.7382272
0.8275076
0.9470369
0.7538994
0.6288279
0.6917955
0.679182
0.575567
0.6287569
0.7293347
0.4540609
0.5593532
0.4765752
0.7398262
0.7282844
0.7755863
0.6755237
0.7235507
0.6239126
0.5781696
0.554725
0.5087818
0.4947708
0.5541057
0.5082581
0.5309771
0.4291334
0.5071136
0.4405434
0.4703811
0.5352094
0.4887976
0.613718
0.5852073
0.6041685
0.5311826
0.7187406
0.6213624
0.4388253
0.4174849
0.5631601
0.6442832
0.8840992
0.6445062
0.8732138
0.8476279
0.6785513
0.7488882
0.4331258
0.4389318
0.5531121
0.6685678
0.5243873
0.4903737
0.7134645
0.5913086
0.6524886
0.4192403
0.3905186
0.505851
0.5646906
0.5658554
0.5824584
0.804839
0.6810833
0.8956193
0.5860887
0.6399169
0.6939728
0.946655
0.7265108
0.7168993
0.63451
0.5361839
0.6218219
0.5151428
0.4934758
0.6243351
0.7161392
0.8108362
0.7100694
0.761633
0.7834318
0.776944
0.8334725
0.8116316
0.8558435
0.6738369
0.9033378
1.024162
0.7582578
0.8007957
0.777831
0.7035567
0.8506375
0.6813192
0.7054582
0.7102355
0.7807878
0.8611092
0.6350776
0.6623347
0.5069613
0.4193353
0.4577441
0.5623945
0.6244075
0.5774986
0.5281732
0.6181998
0.5884042
0.596543
0.4795924
0.5874558
0.5657013
0.7121823
0.5893011
0.6491525
0.5897532
0.5678103
0.5497138
0.5858654
0.8183402
0.7037797
0.6486284
0.4059524
0.4158702
0.4843591
0.7158576
0.4683798
0.3038169
0.5108237
0.6159905
0.6042075
0.3764948
0.3560465
0.4963568
0.5576859
0.6204365
0.448003
0.4353199
0.5678349
0.6827817
0.7460052
0.6621007
0.6739234
0.6668948
0.8987591
0.5413306
0.5133389
0.5731938
0.5015362
0.6055578
0.5227269
0.6618083
0.4903073
0.6326638
0.6058338
0.6480083
0.8110917
0.6404705
0.6339547
0.7916229
0.636351
0.7440092
0.8619315
0.7626142
0.971988
0.8879019
0.7795785
0.9860327
0.8333523
0.8056075
0.8114427
0.5825039
0.633342
0.5011116
0.5756479
0.5474074
0.54439
0.4968654
0.4998134
0.5405414
0.5421673
0.4760648
0.5152258
0.5591076
0.5924195
0.5726066
0.5540056
0.5502757
0.6679306
0.5007054
0.7002836
0.6223792
0.4379993
0.4133648
0.6451788
0.6694522
0.6950173
0.8676163
0.5289243
0.4596596
0.3924471
0.4601381
0.4936781
0.4374892
0.5011461
0.5712432
0.5557576
0.5052129
0.5143715
0.6928115
0.720381
0.7091384
0.5882993
0.5525794
0.6177867
0.6985654
0.7617516
0.7684652
0.5363995
0.7718799
0.4990153
0.484592
0.7201919
0.5965101
0.6441388
0.7463272
0.5728738
0.7751368
0.7065233
0.6486263
0.6739624
0.7861487
0.594333
0.5970209
0.4324129
0.3477047
0.2801046
0.2390994
0.345829
0.4184203
0.4208449
0.437272
0.4337572
0.392432
0.5544443
0.5573019
0.698466
0.5505584
0.6150911
0.5473133
0.372481
0.2283317
0.360265
0.3687113
0.385849
0.3579981
0.3611445
0.4963204
0.6035239
0.7535861
0.530657
0.4293856
0.4464945
0.6729699
0.5698786
0.6054704
0.6523474
0.7737168
0.6291271
0.7434759
0.6256009
0.7286299
0.8454547
0.7796515
0.6490717
0.7312137
0.6103951
0.5554463
0.7657489
0.6707171
0.6560074
0.6174872
0.5667312
0.4537602
0.6782518
0.5160109
0.570569
0.4773781
0.494483
0.3813819
0.4996317
0.5990507
0.5986031
0.7210765
0.6168429
0.716154
0.601019
0.662787
0.7574706
0.6552728
0.5972782
0.6361595
0.6601857
0.8075491
0.623132
0.5487656
0.7460787
0.5995797
0.5010937
0.4561605
0.4462197
0.6048778
0.5621468
0.506331
0.6698932
0.6253486
0.7622533
0.6426253
0.6779939
0.6386104
0.7800322
0.5345669
0.689676
0.4528792
0.4428888
0.5529503
0.5812896
0.6994872
0.8726508
0.8621353
0.9375983
0.9418412
0.8309437
0.9214005
0.6999653
0.7212752
0.6034016
0.5653835
0.5697929
0.4773795
0.5922426
0.6846544
0.6094238
0.6493757
0.6390892
0.4934394
0.3827529
0.5488237
0.5351377
0.8243399
0.8196885
0.6203748
0.6893703
0.5351743
0.4712349
0.4069604
0.5279041
0.4786541
0.5035332
0.5907046
0.5346593
0.5562733
0.5078229
0.602234
0.5626521
0.6912291
0.6258438
0.6640524
0.8012687
0.6700005
0.5868355
0.5350445
0.830143
0.7366343
0.7312076
0.5718615
0.8870505
0.7009502
0.6478047
0.707344
0.8017941
0.6558058
0.8944949
0.7269392
0.8333673
0.6690509
0.5053663
0.5203073
0.4753043
0.7160128
0.7709449
0.4765467
0.5218215
0.3952737
0.3218446
0.4532522
0.5055595
0.6037798
0.6868975
0.5764646
0.7644203
0.6403087
0.6024122
0.5780182
0.5588332
0.7060042
0.6629911
0.4443729
0.4987252
0.5108398
0.4538286
0.4307909
0.4830607
0.5226621
0.5883191
0.5170542
0.5520741
0.6563458
0.6586273
0.7716393
0.6500058
0.7748854
0.5366198
0.499308
0.7091701
0.4884411
0.4306808
0.4280232
0.4446195
0.4820183
0.5508572
0.406575
0.3916229
0.5800463
0.6643035
0.7297438
0.6709386
0.7068299
0.5851358
0.9018072
0.8133445
0.8712985
0.5884719
0.6292289
0.7318239
0.7600838
0.6306568
0.6736285
0.682522
0.5979294
0.5457042
0.517447
0.7966737
0.9408448
0.8716599
0.8072208
0.9788452
0.7145843
0.6740482
0.5959094
0.5582456
0.7810714
0.7112321
0.5909142
0.5490142
0.6958485
0.693714
0.601421
0.4892962
0.5056085
0.4943126
0.4792462
0.5658495
0.5928163
0.5565188
0.4851088
0.5912583
0.6752457
0.5825828
0.5923733
0.6369797
0.7917169
0.6205159
0.5232378
0.4732618
0.5905314
0.5191679
0.3690654
0.4532662
0.4670517
0.5615125
0.5595747
0.6160849
0.4209133
0.5305087
0.5052011
0.5259114
0.5256883
0.5504778
0.6222327
0.8160746
0.6910293
0.6978922
0.556957
0.490866
0.8462495
0.5495287
0.6093176
0.737645
0.4226474
0.5042345
0.4846617
0.4637427
0.5067609
0.4796039
0.4338188
0.5172368
0.6089009
0.5797858
0.6160084
0.4796415
0.6169805
0.5018994
0.4846016
0.4110789
0.7106606
0.5237673
0.3665481
0.4552357
0.5903684
0.5673738
0.5795112
0.7115282
0.6178218
0.5410134
0.5526606
0.6152132
0.7320385
0.6788714
0.6631853
0.571509
0.7440623
0.6667132
0.5279637
0.4890057
0.4930125
0.5241371
0.5988022
0.481906
0.487114
0.4195822
0.4678668
0.5948192
0.5713654
0.8158808
0.6264992
0.6332671
0.9384537
0.7292573
0.6906806
0.7908647
0.7160997
0.6715143
0.5896123
0.5219214
0.6528999
0.4915423
0.3976534
0.4055048
0.3774723
0.3556365
0.512825
0.5250735
0.5343628
0.498266
0.4997148
0.5527382
0.4458665
0.5756249
0.595427
0.7505662
0.5675685
0.6390736
0.5702568
0.6851396
0.5061603
0.6746048
0.6022113
0.584085
0.5543694
0.6150227
0.5339777
0.6140355
0.6241308
0.6786327
0.6727542
0.6550914
0.6217988
0.5951414
0.5598807
0.4913019
0.6491117
0.6836358
0.5709363
0.5176061
0.5488342
0.4681105
0.5411194
0.4713533
0.3731899
0.4036577
0.5660366
0.4889059
0.603555
0.5878187
0.5147888
0.393406
0.4060427
0.40131
0.4114791
0.4684249
0.5257085
0.5573478
0.6138096
0.6801483
0.611314
0.4515482
0.6010133
0.7187031
0.5814638
0.5827326
0.6384939
0.5048368
0.4605752
0.7252563
0.781935
0.7059991
0.4736242
0.485603
0.6030274
0.6655744
0.5706102
0.424717
0.4788513
0.5942232
0.4930532
0.6005968
0.6174686
0.6424204
0.5985198
0.4315027
0.6606789
0.8305749
0.6473891
0.8458624
0.7002297
0.5941627
0.4762744
0.6446626
0.508455
0.476345
0.5915871
0.6876292
0.5720411
0.5835275
0.5229251
0.4456679
0.5030343
0.6612894
0.6562657
0.507419
0.4917297
0.5907201
0.497432
0.6250082
0.5505328
0.4838135
0.5483181
0.555961
0.5229246
0.7614204
0.7860588
0.7631433
0.7125376
0.6611595
0.6080948
0.521024
0.5854737
0.7214847
0.6780604
0.6844611
0.656615
0.872378
0.755192
0.807629
0.8373622
0.5888005
0.787871
0.7617019
0.5465943
0.6378127
0.6946132
0.5651954
0.5152912
0.4153972
0.4283526
0.4738935
0.6233944
0.5330928
0.4388526
0.6134271
0.7090348
0.689104
0.8558677
0.7419991
0.6530512
0.5048216
0.6664109
0.5469975
0.5031615
0.428156
0.451845
0.33649
0.3286166
0.3878698
0.3612464
0.348461
0.4793865
0.5588065
0.4206815
0.3647973
0.3615568
0.5441179
0.674139
0.5128094
0.5266146
0.5969301
0.5804266
0.6801479
0.6775636
0.6699077
0.552681
0.5288148
0.8792865
0.7689662
0.5883206
0.6542862
0.6437996
0.6475702
0.7508781
0.488141
0.5814946
0.5482072
0.6057203
0.6169979
0.6362909
0.5725924
0.4768668
0.5132067
0.6241789
0.8078118
0.8105857
0.5926854
0.7318457
0.6117436
0.6666213
0.6808941
0.5820605
0.4895411
0.6539363
0.6718564
0.6854206
0.6572268
0.6436579
0.5607112
0.607465
0.6239201
0.640505
0.4540097
0.520546
0.6064674
0.4383311
0.8792542
0.5328664
0.4488985
0.5428667
0.4963607
0.5786456
0.7934837
0.7353736
0.7508936
0.794546
0.879441
0.6828545
0.5997887
0.7054805
0.5264281
0.4517145
0.4435881
0.4972268
0.4980482
0.6482631
0.6599948
0.692138
0.6094744
0.5403197
0.5334186
0.485916
0.4654342
0.4052858
0.3971703
0.4012307
0.4644084
0.5618424
0.6228499
0.3985385
0.4350324
0.3808391
0.545522
0.5547588
0.5290411
0.627621
0.4401606
0.4425327
0.3323111
0.3257458
0.4075477
0.4609486
0.5860126
0.6910565
0.6688094
0.7320233
0.7796251
0.7250702
0.5692096
0.554017
0.8104919
0.6289555
0.8154202
0.58789
0.6117227
0.740723
0.7243646
0.7127964
0.9973573
1.098124
0.7630376
0.7251238
0.7102328
0.8767432
0.6133392
0.4999284
0.4497796
0.5142093
0.5849689
0.6338312
0.4509992
0.383185
0.334266
0.47823
0.5990859
0.5954846
0.6633693
0.6906101
0.6380211
0.535574
0.5862007
0.7244734
0.6670436
0.6921931
0.5674153
0.6422852
0.5262524
0.6402719
0.6469837
0.6271205
0.5249126
0.5049705
0.5743152
0.4585059
0.5796511
0.5074346
0.4970877
0.5894619
0.6491626
0.7699319
0.54816
0.5772873
0.7424902
0.7526932
0.7779645
0.7351238
0.6430497
0.8215723
0.8350184
0.7841878
0.7742219
0.8512
0.9608901
0.6698583
0.5986787
0.6354374
0.7286134
0.7282284
0.7058383
0.5688416
0.8884673
0.6012163
0.3586465
0.4206709
0.4100887
0.443733
0.4051014
0.4638446
0.6283639
0.6961474
0.7799882
0.7862912
0.6595629
0.5601686
0.6635527
0.4608126
0.5927629
0.5625453
0.5543088
0.5854662
0.3870579
0.6331667
0.7373953
0.4693404
0.5412194
0.5489544
0.6095292
0.6722484
0.6662122
0.6469031
0.6409885
0.6903505
0.6266048
0.6952238
0.5580642
0.6125474
0.5851942
0.3918112
0.6351896
0.7104229
0.5998229
0.7114204
0.8133949
0.7237296
0.6328999
0.4971439
0.553891
0.7277666
0.8061406
0.883899
0.4871384
0.4773211
0.5935616
0.7618032
0.8791448
0.6422372
0.3693681
0.4777485
0.4447037
0.3867543
0.6257161
0.6267774
0.5702752
0.7279942
0.6779297
0.6243594
0.5504979
0.5614522
0.4670013
0.5969035
0.6570885
0.5464942
0.4865116
0.4311848
0.3486266
0.3812708
0.2618072
0.2283049
0.4194067
0.4436289
0.5864705
0.8332329
0.6560577
0.5903371
0.6051363
0.6217304
0.8263182
0.5253687
0.4225398
0.4373706
0.5678774
0.5285842
0.6614417
0.684592
0.8775413
0.638804
0.5879717
0.6644274
0.7384074
0.7060267
0.7388842
0.5633837
0.5105062
0.5135942
0.6393814
0.6575092
0.4797109
0.4638043
0.3027762
0.3873962
0.5791249
0.5548668
0.4737455
0.5431178
0.3731874
0.5734269
0.5048412
0.514187
0.4222873
0.4600489
0.5128272
0.447987
0.7412899
0.795619
0.8066827
0.6268501
0.7310001
0.7248903
0.7816314
0.7271923
0.7602392
0.7041009
0.7533621
0.6620378
0.7687019
0.5919685
0.5938184
0.3246028
0.5091434
0.6800277
0.5975422
0.6750621
0.4614656
0.3391933
0.3651744
0.3987204
0.3479672
0.4446436
0.3603981
0.4493801
0.3977351
0.3749401
0.4098218
0.4645987
0.5060044
0.5139461
0.5165643
0.4224835
0.611151
0.5515537
0.5658609
0.5182206
0.526062
0.7629912
0.6229947
0.8051546
0.8012694
0.5669036
0.6791685
0.5634706
0.5759102
0.458394
0.4197358
0.5986319
0.8051152
0.7201541
0.6688825
0.6553514
0.5028605
0.4905192
0.5098673
0.5743608
0.5583264
0.479859
0.5502742
0.6303039
0.6470043
0.7611222
0.4678545
0.6459709
0.7197323
0.7628642
0.6480233
0.5787289
0.448154
0.5594152
0.6465856
0.5454658
0.4598942
0.5485751
0.5087056
0.7083359
0.67768
0.5285684
0.4906366
0.5148036
0.6349584
0.4383036
0.4462679
0.6792398
0.5402196
0.6774692
0.4985021
0.6137701
0.516268
0.4456128
0.5527634
0.6036511
0.9096156
0.760008
0.7906815
0.5169563
0.5516739
0.5909856
0.6992487
0.6566575
0.4456966
0.432143
0.4751661
0.5755046
0.2983842
0.3432313
0.3812192
0.3304783
0.3796618
0.2854872
0.3003064
0.4547832
0.3945376
0.4219722
0.4479993
0.494654
0.4719986
0.5884188
0.6351599
0.544429
0.7241406
0.5965017
0.6147496
0.6102747
0.6025814
0.6301034
0.7460007
0.5622439
0.6996406
0.6895848
0.5401734
0.6240894
0.5223422
0.4714352
0.5211521
0.5196252
0.7453029
0.6218729
0.7227019
0.827197
0.646713
0.5259042
0.5657167
0.559153
0.4583889
0.4442101
0.546312
0.382772
0.4786317
0.336904
0.3683605
0.3994706
0.43588
0.3570607
0.3273599
0.5527118
0.6034456
0.6094418
0.3918974
0.6339858
0.6118123
0.6402184
0.5870157
0.83352
0.7072079
0.7153424
0.6047271
0.567365
0.5076337
0.6867421
0.7393317
0.8114844
0.555788
0.6447319
0.5310088
0.6236817
0.533284
0.6305004
0.7044867
0.7394053
0.7161324
0.6303404
0.6271286
0.5710277
0.5257082
0.6003849
0.6170018
0.6027016
0.6097492
0.4909278
0.4552534
0.6266306
0.5029524
0.4908412
0.5265367
0.4834452
0.432678
0.6086349
0.5206628
0.5452313
0.6858699
0.5456599
0.6703242
0.6761793
0.5017483
0.4559026
0.5521595
0.7177679
0.7781845
0.7946355
0.667736
0.7968537
0.675649
0.8263746
0.7943719
0.6762871
0.7076048
0.6157651
0.6815183
0.6104067
0.7842351
0.8703332
0.5931881
0.5348029
0.4731287
0.5275397
0.5414746
0.6514523
0.7170951
0.7112488
0.5734297
0.7022101
0.5638423
0.5534642
0.655756
0.4577668
0.6161441
0.7429083
0.7145403
0.6227971
0.812111
0.7934485
0.7789237
0.7883737
0.4983987
0.726922
0.7011111
0.6469063
0.5608732
0.5865869
0.6462122
0.6884703
0.5797916
0.5669494
0.4311144
0.4928892
0.4743983
0.5338829
0.382708
0.4172871
0.3954707
0.5453769
0.6020348
0.575492
0.4978218
0.4462144
0.4338648
0.3637258
0.3708134
0.4244517
0.5018674
0.4551168
0.5603732
0.537628
0.5673702
0.5025105
0.4569552
0.366766
0.4080216
0.5664827
0.5623831
0.6081826
0.5017078
0.4683243
0.4180158
0.4426731
0.5570321
0.559151
0.7142562
0.760323
0.6644685
0.5565195
0.939695
0.5798199
0.4575883
0.7677026
0.7110044
0.5850577
0.7220298
0.5099972
0.689103
0.7156133
0.7316334
0.7280942
0.6812765
0.7903411
0.6583764
0.5739824
0.6175858
0.6690938
0.5589172
0.6801673
0.5095956
0.5450502
0.5945857
0.7101126
0.6171634
0.5533161
0.6105893
0.5888162
0.6588838
0.5040757
0.6398145
0.6648194
0.5728569
0.448088
0.4473685
0.4500464
0.4965881
0.5806063
0.6031351
0.4876826
0.3756339
0.4535674
0.4416017
0.4729847
0.4938495
0.6642198
0.7413115
0.5625206
0.4601673
0.3961015
0.4981325
0.4943893
0.5827706
0.6875895
0.7716383
0.7674792
0.7956314
0.7167678
0.5960459
0.5650442
0.4273122
0.5857819
0.6774742
0.7488186
0.5465224
0.6011967
0.5788471
0.7020171
0.6622213
0.6899707
0.5898205
0.5554932
0.74065
0.5423263
0.4548695
0.6112855
0.5673414
0.5120613
0.4927756
0.4634115
0.8842233
0.9812174
0.8868514
0.8099599
0.9907689
0.7325879
0.9639942
0.8075338
0.6890742
0.6088821
0.729118
0.8110118
0.7149849
0.6878124
0.521338
0.5384064
0.4459415
0.572759
0.6141265
0.705622
0.4846433
0.5588502
0.9319676
0.7330687
0.6564511
0.5725677
0.5114294
0.4890903
0.4413119
0.43618
0.3765851
0.4294794
0.3305778
0.2951963
0.3214069
0.4644023
0.4753287
0.5137225
0.4405477
0.4746729
0.6985769
0.9024798
0.6948598
0.6247562
0.5510292
0.5843293
0.4823726
0.5269941
0.480004
0.5085874
0.5174137
0.4383575
0.5233371
0.6014655
0.514141
0.4786187
0.6927952
0.6300428
0.5758829
0.5443845
0.6018184
0.7156144
0.4788673
0.6608061
0.7228097
0.656908
0.5740824
0.6483674
0.8087379
0.6183234
0.6821773
0.7242299
0.6651723
0.5853016
0.446726
0.4016928
0.3912601
0.448149
0.5401317
0.6275628
0.4673292
0.3180007
0.337274
0.4168205
0.4823082
0.4873273
0.4673934
0.5891901
0.4027839
0.5142044
0.5704722
0.4801313
0.5877592
0.5865703
0.6898499
0.8300263
0.7525482
0.8037774
0.508655
0.5267401
0.5388891
0.8093922
0.7599043
0.8046215
0.9155169
0.9900318
0.7301861
0.7284204
0.6358149
0.6139195
0.7228792
0.4413182
0.5010594
0.5001398
0.3835425
0.4009004
0.633131
0.5494143
0.6034206
0.5128363
0.4339668
0.4826927
0.4615674
0.4149917
0.5383926
0.3245627
0.4859206
0.7487901
0.7271574
0.6988387
0.5871732
0.5716434
0.5369423
0.5536734
0.4671045
0.6092456
0.650561
0.5821152
0.6477242
0.5170064
0.4168588
0.4084349
0.436475
0.413869
0.3438853
0.5235228
0.6093414
0.5557276
0.6064603
0.4607465
0.5513353
0.522323
0.7147857
0.6849048
0.497323
0.7531735
0.7529472
0.7532498
0.6932584
0.6039679
0.6360657
0.7671259
0.6054449
0.5672004
0.4102616
0.3686729
0.4023652
0.4280772
0.392765
0.4954812
0.6211095
0.6540604
0.681243
0.5405362
0.4746243
0.4433579
0.6087546
0.6058928
0.6949695
0.5231825
0.5898374
0.6520025
0.5614959
0.7392902
0.878252
0.7119417
0.6803604
0.5603741
0.625395
0.470443
0.5676194
0.5204823
0.4933462
0.5298219
0.4850617
0.5097866
0.5418956
0.4729361
0.8045839
0.5271014
0.4907901
0.4167254
0.4299742
0.4056432
0.3612589
0.2878906
0.4228842
0.3750392
0.3996648
0.3918926
0.6120419
0.4561128
0.539293
0.4920425
0.5734191
0.5920608
0.6261127
0.6033085
0.4447922
0.5694293
0.4596971
0.6127267
0.5795298
0.5242702
0.5630533
0.521811
0.488321
0.6950628
0.7032425
0.609608
0.6715151
0.6629682
0.6576633
0.741178
0.6004372
0.6115004
0.6270912
0.5842741
0.5619599
0.4810261
0.4241191
0.391476
0.4190873
0.4146994
0.7243802
0.5645809
0.3452468
0.4041716
0.557911
0.879234
0.7703157
0.6699618
0.8622154
0.832229
0.4245891
0.6020105
0.7103789
0.5269955
0.5043277
0.4087144
0.477531
0.531604
0.454265
0.3261683
0.3415211
0.292884
0.3742736
0.4488414
0.4958028
0.448004
0.347068
0.5554697
0.5810882
0.5489426
0.5365009
0.5268369
0.8381444
0.672746
0.6827691
0.6209099
0.548286
0.5091785
0.7990807
0.7186404
0.6524979
0.6028602
0.5871563
0.598933
0.4173521
0.5399792
0.612753
0.4025757
0.388902
0.4361345
0.3014229
0.356135
0.379228
0.4975436
0.5869441
0.4847899
0.7026915
0.7054877
0.6542282
0.4878037
0.5864437
0.795356
0.7319176
0.6532221
0.5437575
0.6091099
0.5720027
0.5759418
0.4836321
0.614806
0.6307872
0.5042103
0.467671
0.4887573
0.6481874
0.8318193
0.6072911
0.6745042
0.6979414
0.7041805
0.6321661
0.4948815
0.4507641
0.4977556
0.4256171
0.4763502
0.5708535
0.5397136
0.4055346
0.4524082
0.4450982
0.5408367
0.6455281
0.6726395
0.5933796
0.6852364
0.4961275
0.6394038
0.5234637
0.530135
0.4899983
0.6215148
0.6582661
0.7804588
0.7563929
0.9091447
0.5736483
0.7679567
0.8167831
0.6224727
0.5100464
0.4646834
0.4969664
0.7640723
0.7549866
0.6289224
0.7413863
0.584105
0.5463191
0.4845981
0.5082948
0.5841982
0.6008923
0.502269
0.7391525
0.6118575
0.6301353
0.6432404
0.6467858
0.5618623
0.636189
0.6655777
0.5977736
0.644586
0.5224049
0.7478157
0.5987038
0.5427345
0.6140159
0.5063988
0.4519894
0.4717175
0.4423374
0.3582478
0.3998831
0.3905042
0.6187112
0.6577606
0.4704155
0.5476937
0.8045855
0.6367752
0.6768335
0.5112975
0.5852995
0.5804406
0.7468489
0.806949
0.8657086
0.7483348
0.6857418
0.6066726
0.4395773
0.6626281
0.6387005
0.5811743
0.6329668
0.4355465
0.5202273
0.4948826
0.4127976
0.7084182
0.7685158
0.7081543
0.753606
0.609759
0.6060314
0.50132
0.5785624
0.4908644
0.4938062
0.7248156
0.6223156
0.6323911
0.5367701
0.5225853
0.5050283
0.4827412
0.4698563
0.7130453
0.515481
0.6264522
0.6787059
0.7780316
0.5821678
0.5901863
0.7561378
0.6076571
0.5126802
0.4600577
0.3977923
0.4680314
0.4472307
0.5479236
0.7367442
0.9255637
0.8769116
0.816523
0.7566164
0.9331925
0.9152962
0.653231
0.6152712
0.6549315
0.6373316
0.5469258
0.788575
0.6657145
0.7526053
0.7969732
0.6943001
0.5294739
0.6211518
0.5194324
0.5659651
0.5371517
0.4750836
0.6430607
0.5927333
0.4568599
0.4797782
0.4911387
0.5789636
0.5765254
0.6104528
0.5842642
0.7917281
0.8828398
0.7085881
0.5814944
0.5133256
0.4281182
0.4690321
0.5077909
0.735831
0.6191755
0.4578594
0.5263803
0.4227507
0.3503391
0.5663697
0.6116819
0.4785829
0.3705409
0.6522918
0.7599744
0.7556987
0.6060948
0.7147301
0.8469644
0.6033172
0.812076
0.4504322
0.3500936
0.3520415
0.4388062
0.4309465
0.4993723
0.5126912
0.6919517
0.6907534
0.6757696
0.5121981
0.5871119
0.5639484
0.6365117
0.5163052
0.752285
0.6635836
0.7329362
0.6812779
0.7789279
0.744107
0.7005833
0.5488613
0.4844269
0.5424048
0.5927053
0.5750891
0.49587
0.6080113
0.5494094
0.5367109
0.4266037
0.5068769
0.4192315
0.5633817
0.6758486
0.5251159
0.4969577
0.3567957
0.3976468
0.4027478
0.4255614
0.6916627
0.6090912
0.6587955
0.6890247
0.6744363
0.7195351
0.6717098
0.5053842
0.3684174
0.3314023
0.3790954
0.4488419
0.5756622
0.5911534
0.4853564
0.6127828
0.6059984
0.7085003
0.6281281
0.7800651
0.5089889
0.3988516
0.3779706
0.3922767
0.533362
0.6387558
0.5617965
0.5391141
0.66947
0.6034394
0.5741676
0.7214037
0.5525123
0.4669933
0.5098971
0.4768236
0.5668011
0.5755997
0.5806687
0.5599993
0.6099484
0.5290806
0.472412
0.5613392
0.7222587
0.6091441
0.7147464
0.7629426
0.8018589
0.9051352
0.801602
0.9162317
0.9500114
0.7797856
0.8343003
0.6983834
0.6577557
0.6624792
0.5743444
0.6277421
0.5311167
0.6211719
0.5779535
0.5275921
0.5552494
0.4880892
0.4933852
0.4719488
0.4526624
0.5142867
0.3761808
0.4714156
0.5655178
0.6001374
0.5638315
0.4594151
0.4485259
0.4746161
0.5745095
0.596514
0.6411751
0.7798873
0.5688582
0.6290708
0.5034468
0.8026596
0.7637765
0.8453181
0.7145253
0.6170568
0.5681577
0.5190106
0.4407374
0.7581446
0.5802032
0.750656
0.8916606
0.8278831
0.7443496
0.6046205
0.5526205
0.4242777
0.3889648
0.7176714
0.7280543
0.5864008
0.6323014
0.5120646
0.4186146
0.6661857
0.5162832
0.4429279
0.4497
0.5996831
0.6072363
0.7422072
0.6846351
0.6647739
0.7285584
0.7941288
0.626564
0.70666
0.7784118
0.6801859
0.610765
0.4024573
0.5132945
0.4986082
0.4619673
0.4866187
0.5195925
0.373336
0.4329632
0.5605608
0.5190297
0.609288
0.4627529
0.6203987
0.7282821
0.8267111
0.6302918
0.6955941
0.6879554
0.6866543
0.8660208
0.5705693
0.7391308
0.6422584
0.7339051
0.5871407
0.6592051
0.6813236
0.7806526
0.9759657
0.6991833
0.797952
0.6678053
0.6443372
0.6698634
0.4699635
0.3760403
0.421426
0.3724624
0.6773218
0.491298
0.6191488
0.6055496
0.5054048
0.3985744
0.4181547
0.4758883
0.5252137
0.6286918
0.6287876
0.5175346
0.6390434
0.6337673
0.5622459
0.7726313
0.4548732
0.544154
0.4635232
0.5402239
0.5527938
0.6386742
0.4099933
0.4835676
0.4291962
0.307717
0.4037108
0.4605594
