17.45314
16.83333
17.83449
18.61478
17.15888
19.46969
20.44395
19.27188
20.07381
18.83128
20.25525
19.08159
19.17327
21.5413
22.2457
19.91124
20.65816
19.6963
20.93155
20.36555
18.96429
18.94015
19.36756
18.72028
17.81779
19.47968
18.61419
19.42929
19.55935
19.73321
21.06621
21.33731
20.68095
17.93334
17.02268
20.60726
18.67216
17.14242
19.26931
16.83919
18.41323
17.51404
18.04345
18.62828
17.48526
19.73343
20.27887
18.53124
21.81929
21.43038
21.27786
21.99288
19.5599
21.61043
22.97658
20.86586
21.31401
18.61866
20.78594
20.37587
22.40374
20.60649
20.16851
19.25705
21.1182
22.1596
19.45107
21.7466
20.93367
22.05127
21.11268
20.5297
20.44473
18.45556
19.08648
18.51092
19.89584
19.56811
20.44679
19.65993
19.25739
18.15691
17.64288
17.17422
21.11697
22.05658
19.81291
18.41366
20.01836
22.68181
19.15217
19.31578
20.34316
18.64913
18.37719
19.26421
19.24902
20.80398
19.24679
16.7331
17.57327
18.1843
21.0248
18.05099
18.82438
19.91989
18.16912
21.02348
20.63764
21.05635
18.41058
18.19427
18.86826
19.00568
17.76897
19.40138
20.0579
18.13186
17.63462
18.96258
18.1595
16.99856
20.39655
18.69183
18.12658
17.95693
16.99042
17.41392
19.37275
19.23462
21.52705
21.38673
19.57498
19.40886
20.46738
17.99949
18.70744
19.87877
19.56433
21.83093
19.70738
19.74477
22.90662
22.654
20.27972
20.75197
18.62049
18.95677
19.0875
19.566
19.24099
20.2565
22.20003
19.41459
19.27578
19.64247
19.05736
18.26246
17.29506
19.1319
19.36986
20.00927
19.42504
19.44312
19.71572
17.08825
17.84502
20.10187
16.98408
16.96107
18.59465
17.00925
16.26799
18.93919
19.12028
21.52416
19.91187
21.46053
19.2862
20.54968
19.13005
17.00265
17.59595
17.16339
18.5032
19.35295
20.94683
20.92376
20.3224
20.33905
19.2032
19.33534
17.71804
16.27881
19.07547
18.71571
20.36115
21.29623
22.45822
22.30813
22.52821
20.18691
19.82733
20.37983
20.62429
20.92565
19.54576
20.31485
20.11431
18.57474
18.71651
20.29418
20.41596
22.0572
18.70164
18.95921
16.37092
17.10069
19.8786
19.75679
20.62879
20.27328
21.37413
20.81326
20.80015
18.71257
21.05492
19.87609
17.37825
18.22795
18.66943
22.58979
21.04777
20.6668
17.83233
17.35883
18.20983
18.66985
18.11694
18.59997
19.62174
19.33338
20.30587
18.09992
18.61943
19.1709
17.95519
17.65078
17.56651
21.00369
19.16108
18.58308
19.4809
19.63201
17.78664
17.89388
19.60947
20.21948
18.03447
20.57334
18.26185
18.57784
17.71891
19.28092
19.31525
17.84305
17.0225
18.66999
18.64273
18.34891
19.14933
18.85057
22.13209
19.02241
17.9707
19.75083
20.88689
16.29866
18.55102
16.53516
16.8399
15.0638
19.11084
21.56072
22.05591
20.43559
20.41625
22.33441
19.32581
19.17715
20.60109
19.61663
17.46818
18.51886
20.73738
19.04317
19.0671
18.84429
19.87388
17.9828
17.13271
17.60406
16.8764
20.406
18.25206
17.55739
22.01896
19.54522
19.32503
18.53688
18.58685
20.69993
20.63281
20.63031
21.05461
19.72058
18.47818
20.41109
19.0769
20.43966
17.76469
19.68696
20.21416
19.96494
19.09115
20.03408
21.63576
21.24438
19.21108
19.03486
19.6512
17.73489
18.86884
18.98084
18.22074
16.48375
17.94322
19.45166
16.45301
15.63409
17.67304
18.07291
20.35939
21.59901
21.38412
21.0581
19.85965
19.67659
20.09777
16.32994
16.65954
16.15202
18.22511
18.58165
19.28419
18.84434
17.80037
19.27798
17.02499
17.01296
19.14365
18.90701
18.97379
18.72025
19.75999
19.98388
20.82418
20.86178
19.38555
18.19794
19.47488
18.23409
19.53385
19.81019
18.6724
19.90496
20.31806
19.57103
19.03115
18.83693
18.09687
19.1558
20.35435
20.24805
19.09332
17.92277
19.5755
19.36718
19.48119
16.98047
18.58501
18.05926
16.10136
20.72198
18.3807
17.88456
18.48337
18.09511
15.92817
16.74364
19.76467
20.79257
21.3184
19.39037
17.51181
18.32255
19.40783
20.67552
18.52778
21.07596
19.04064
19.73182
19.16846
21.09897
20.24133
19.08906
20.31816
19.18321
17.67465
19.94272
19.23241
19.99843
20.38273
18.15336
20.20117
19.52485
21.16993
18.52464
21.13407
18.27112
18.97399
18.29227
20.74644
19.84798
19.15872
18.87657
19.49791
18.60887
19.22959
20.94029
20.02331
19.11082
17.76133
15.82741
16.07002
18.83916
18.70377
17.56516
17.34901
20.0822
20.42777
17.45665
16.73356
18.07891
18.55515
19.37597
18.48837
19.02771
17.73786
18.48457
21.11714
21.20263
21.14722
19.65546
17.82765
17.32274
20.35492
22.05335
22.80408
18.1168
17.75706
19.40977
19.10543
19.0301
18.36465
18.03093
19.62394
19.0676
22.29822
20.32635
19.78962
21.20302
18.91882
20.84265
19.66504
20.40988
20.94588
20.19197
19.84785
20.92496
22.82622
22.03316
20.96604
22.11175
18.24943
19.13685
18.92472
19.34662
21.19348
20.15311
19.43271
21.05363
19.96735
20.42291
23.04097
19.37414
16.60817
19.03058
18.96661
16.65285
18.50677
19.83512
21.74046
18.34181
18.50426
18.71778
16.78183
20.92611
18.47177
18.42571
17.05062
18.98982
19.57369
19.01255
17.86412
21.34476
20.42708
20.59019
18.67127
19.45566
18.93973
21.36928
21.07296
20.11638
20.38066
19.31011
18.22389
19.60093
21.48188
23.07811
19.88619
20.73248
21.25068
19.18767
19.51773
18.69294
21.20591
20.2183
21.82851
20.94473
19.16328
19.1668
18.64932
15.27917
17.58035
20.81807
19.40475
18.94572
19.1691
16.4975
15.99243
18.86411
19.53678
20.01876
18.12063
17.52525
18.69306
18.92476
17.67185
19.10622
20.41072
19.90007
19.09135
17.30504
18.44945
17.58593
17.68882
18.254
20.77254
19.1462
22.4298
18.57364
17.58172
19.48942
19.37152
21.4718
20.29856
19.38986
18.05749
20.3103
16.36183
20.38369
18.95277
20.13706
20.16726
21.28203
20.32323
23.11531
21.90146
20.41516
18.05499
16.74254
18.29003
18.51073
19.61736
18.93657
21.1276
20.71254
18.68145
17.6493
21.95978
18.5903
20.80718
21.4405
20.28704
20.78628
19.32906
19.0629
20.41012
20.9436
22.61764
22.26851
22.76684
19.27182
20.77584
18.78288
19.0446
21.58079
22.00355
20.85923
19.40239
20.46314
20.78274
21.13438
23.17122
19.55907
23.25492
24.77168
23.52673
26.25398
22.90907
21.29937
22.70916
21.89902
21.76787
20.32464
19.99052
18.30182
17.82515
19.14302
17.44902
19.30017
17.913
18.36218
16.19686
17.16332
17.67177
18.17425
17.90506
17.62705
16.92597
18.72062
17.48653
16.82279
18.52626
20.96822
17.87785
15.89066
18.58795
18.70868
18.48656
17.89975
19.14254
18.72152
18.23524
16.02566
17.91396
17.54675
18.25835
18.6705
21.40114
19.54178
18.46184
19.12882
16.04651
19.98369
19.47344
19.60632
19.58509
19.69283
20.76529
21.15069
19.90437
19.81142
19.90103
19.01329
22.48519
19.10233
20.12942
20.60979
21.61937
20.36217
18.84299
17.25693
18.87686
17.85857
17.79812
16.31241
18.33347
18.83887
18.97575
18.03031
19.18136
17.11478
20.75962
20.56676
20.74335
20.23035
21.06349
21.1681
20.32586
22.38907
19.0593
20.26708
18.27585
18.6415
20.43531
21.45279
20.22703
21.09616
19.91298
22.52919
20.13808
19.27066
18.22477
19.40475
19.52546
18.70732
18.01259
18.53853
18.44677
16.58604
17.47278
18.34283
18.26751
18.30981
16.41586
16.87414
17.76643
20.78966
17.01735
19.01781
17.96788
18.89745
19.68661
18.87254
19.51913
18.38156
18.65746
18.51248
19.45855
17.67067
18.91221
19.43732
17.60143
18.28899
18.89981
18.16362
19.72084
19.11849
19.49035
19.86563
18.35942
16.93829
19.004
19.46489
20.08538
17.2494
18.52773
20.1775
19.98005
17.994
18.232
20.24706
19.52142
20.21151
22.39626
21.42258
22.22363
21.04918
19.80813
19.63606
22.62299
20.66064
21.49383
20.15763
21.46909
20.20606
18.00605
20.02564
19.92134
20.32415
21.71272
20.26795
22.33776
22.59503
21.12225
25.00516
20.02046
19.655
20.25307
20.94267
20.51327
20.25326
18.11617
21.82711
20.87575
20.52492
22.02894
22.1858
21.13285
20.05358
22.72422
19.99673
19.60373
20.94126
20.54096
21.64296
20.17255
20.21854
18.34153
21.369
17.82563
18.55348
16.69774
20.76139
20.3706
20.44587
24.17689
22.65409
20.52518
19.95199
20.71454
17.89431
15.40545
15.81011
17.68985
19.03225
19.24032
17.54701
19.61719
19.40666
19.09034
19.35141
17.4849
19.06789
20.92604
19.05587
20.28964
19.06494
17.95678
18.79503
19.26026
18.72297
19.216
21.65049
19.87772
19.78038
19.612
18.44209
20.27916
19.998
20.02583
20.06025
18.1568
18.29135
16.81975
16.72434
19.86231
20.32017
20.39919
21.37574
20.80547
22.38872
19.37189
19.15792
19.9538
23.32648
19.64919
19.85791
20.21707
18.655
19.67076
18.54338
19.53412
19.87304
20.08006
20.6894
21.18953
19.4664
23.07199
19.70386
18.33083
18.7707
17.83181
19.16907
18.2622
17.151
16.55185
17.63729
16.79378
18.69156
20.65007
17.70039
19.60681
18.05443
19.47433
18.68211
20.23005
21.77992
19.46398
19.27223
20.57557
19.61125
20.98257
22.61986
19.93062
20.24997
20.61274
19.40752
19.28148
20.4619
22.16019
19.12855
19.13221
20.50421
22.03169
19.69765
19.13215
19.78764
20.13112
21.9899
19.13811
21.21153
19.2603
17.24431
21.96493
22.07453
22.6725
22.52572
23.27502
22.16043
21.19079
23.00215
21.62429
18.59843
19.75945
18.27725
18.8995
17.80129
20.8665
20.08612
17.76901
20.72313
18.59127
19.8536
20.31306
17.75928
19.37469
21.00589
18.61932
21.38062
21.319
19.18395
19.27128
18.49184
17.79812
19.72377
18.27779
19.11725
19.53818
19.63978
21.20395
18.70656
20.77649
19.67238
17.29724
18.21149
18.83844
20.36192
21.05799
18.86415
20.11545
16.91039
18.15106
17.79635
18.14381
19.81273
18.67168
17.86565
