1.229462
1.230939
1.249213
1.237736
1.242415
1.255561
1.254057
1.246392
1.227963
1.224945
1.235354
1.228665
1.217707
1.215435
1.216198
1.211156
1.209737
1.219904
1.237551
1.232198
1.234322
1.227843
1.224043
1.216906
1.217427
1.214565
1.212981
1.214806
1.207953
1.195339
1.209459
1.203794
1.189141
1.201398
1.185484
1.188392
1.19283
1.20612
1.202746
1.210684
1.183837
1.204011
1.211373
1.219419
1.208375
1.229265
1.226988
1.225212
1.235888
1.247765
1.2714
1.261795
1.292055
1.297419
1.308056
1.314348
1.313672
1.305633
1.306259
1.303241
1.2951
1.278864
1.294757
1.29713
1.300456
1.293748
1.31395
1.27812
1.329345
1.333996
1.325961
1.352852
1.361249
1.339868
1.36397
1.347888
1.335858
1.332828
1.331794
1.344253
1.339289
1.361307
1.345351
1.347169
1.345597
1.356621
1.347618
1.334328
1.349049
1.362057
1.358654
1.368783
1.361075
1.355225
1.356609
1.345262
1.339749
1.312136
1.312527
1.320568
1.337293
1.327786
1.354451
1.327857
1.320442
1.323581
1.335811
1.344367
1.333205
1.338198
1.327582
1.310129
1.315229
1.32537
1.319559
1.317526
1.303665
1.313469
1.310907
1.326438
1.312546
1.299026
1.297924
1.321533
1.308937
1.327514
1.316965
1.315071
1.327222
1.335175
1.324386
1.303945
1.27071
1.290707
1.298985
1.323828
1.331169
1.333426
1.350763
1.325905
1.325514
1.323652
1.299732
1.24991
1.243397
1.247644
1.267565
1.289177
1.281929
1.276369
1.259843
1.285932
1.287196
1.287096
1.277524
1.28296
1.264245
1.284097
1.276175
1.264148
1.275421
1.303277
1.300162
1.316679
1.309769
1.324664
1.315517
1.32073
1.326963
1.323997
1.325363
1.30232
1.280728
1.270125
1.25788
1.295538
1.296992
1.30459
1.306791
1.321261
1.322264
1.337113
1.344318
1.329312
1.283278
1.282087
1.265464
1.277766
1.265007
1.280303
1.296645
1.273197
1.267275
1.281619
1.26918
1.273885
1.279329
1.233802
1.248707
1.250502
1.255073
1.266117
1.271199
1.255528
1.270199
1.273255
1.285062
1.315167
1.320151
1.35478
1.335596
1.325188
1.311712
1.341327
1.351564
1.315057
1.307289
1.304217
1.318109
1.323928
1.30295
1.307546
1.328867
1.340625
1.337823
1.333871
1.324122
1.310169
1.33382
1.337032
1.334127
1.349719
1.316669
1.292649
1.302399
1.29958
1.321139
1.335172
1.349159
1.370009
1.385826
1.396663
1.35714
1.353291
1.348576
1.348228
1.310411
1.314111
1.313325
1.315571
1.319664
1.335687
1.347868
1.339289
1.311076
1.315065
1.295744
1.301984
1.297464
1.306341
1.327665
1.351719
1.351093
1.335672
1.347952
1.359314
1.36349
1.363602
1.368771
1.390195
1.368846
1.359163
1.305049
1.299264
1.297858
1.26542
1.284375
1.32163
1.349541
1.326958
1.329083
1.344595
1.326983
1.327535
1.329922
1.300865
1.300712
1.305308
1.307627
1.308166
1.290392
1.311812
1.293896
1.298423
1.308147
1.281003
1.294629
1.296259
1.296668
1.301457
1.290598
1.283504
1.281643
1.267404
1.251407
1.257889
1.256495
1.270353
1.240139
1.241106
1.24161
1.271228
1.285751
1.324996
1.31409
1.288475
1.300778
1.324722
1.323719
1.35258
1.369952
1.380051
1.370973
1.357368
1.359297
1.331563
1.316292
1.336167
1.319521
1.319514
1.332427
1.323483
1.342259
1.36113
1.382345
1.368838
1.401656
1.404441
1.411117
1.43371
1.415165
1.422776
1.399052
1.387401
1.35781
1.323176
1.331237
1.325633
1.341031
1.362991
1.379414
1.386292
1.366086
1.365752
1.359694
1.344819
1.360236
1.366977
1.346056
1.343577
1.379603
1.384183
1.394018
1.418385
1.412678
1.402609
1.40576
1.39868
1.432364
1.408141
1.412649
1.408185
1.407699
1.416163
1.397644
1.431143
1.426511
1.444091
1.453162
1.465866
1.449129
1.42738
1.438664
1.440302
1.447587
1.421489
1.393328
1.394024
1.403975
1.401602
1.394961
1.375955
1.373247
1.367129
1.374394
1.388164
1.400269
1.383624
1.374624
1.380864
1.392289
1.422637
1.437258
1.436277
1.442139
1.426286
1.414251
1.433692
1.44564
1.429219
1.452113
1.460979
1.445042
1.446709
1.444864
1.453529
1.465202
1.445328
1.425333
1.446377
1.425506
1.450742
1.452019
1.468216
1.449051
1.45541
1.454221
1.45503
1.444742
1.421488
1.433807
1.417952
1.426734
1.430908
1.405434
1.410573
1.405839
1.425297
1.412943
1.398167
1.394382
1.385643
1.391161
1.395482
1.38331
1.366604
1.367887
1.362361
1.350692
1.366122
1.361455
1.324773
1.333446
1.309293
1.293864
1.300531
1.296267
1.294482
1.290394
1.280472
1.33277
1.353765
1.342341
1.31824
1.327203
1.33742
1.331194
1.339027
1.366165
1.365763
1.37057
1.367993
1.36215
1.386344
1.37976
1.379203
1.389629
1.358664
1.368047
1.36472
1.386139
1.370682
1.356993
1.33309
1.337942
1.33738
1.342022
1.313227
1.316451
1.32381
1.331363
1.335821
1.307951
1.297363
1.296456
1.269835
1.253279
1.252823
1.259396
1.254819
1.251889
1.255323
1.254632
1.253502
1.250914
1.244255
1.26101
1.270381
1.274772
1.25122
1.263216
1.275551
1.283949
1.281542
1.286931
1.288674
1.304534
1.290253
1.316436
1.316867
1.318516
1.321048
1.304049
1.311601
1.319756
1.321672
1.303854
1.30309
1.324061
1.296878
1.302996
1.313707
1.32684
1.326841
1.339584
1.347664
1.330505
1.306322
1.292974
1.287898
1.309544
1.293453
1.283834
1.274488
1.271052
1.249057
1.239973
1.232515
1.236461
1.224451
1.213879
1.206404
1.253218
1.245943
1.241202
1.259982
1.280748
1.281019
1.298613
1.296677
1.26499
1.272599
1.280398
1.279247
1.284815
1.27471
1.277707
1.268839
1.286251
1.252924
1.26414
1.260938
1.27036
1.279949
1.287314
1.25827
1.246774
1.221338
1.239751
1.261892
1.26924
1.268409
1.284391
1.30737
1.31764
1.315331
1.313012
1.322587
1.325078
1.332045
1.322397
1.332112
1.324909
1.341005
1.327425
1.324282
1.310388
1.31531
1.313438
1.307342
1.32079
1.337083
1.34029
1.349996
1.336045
1.336784
1.333168
1.340648
1.368228
1.363106
1.36841
1.344499
1.360922
1.349018
1.388128
1.405342
1.420905
1.425616
1.44344
1.422112
1.407837
1.437945
1.43191
1.445185
1.430727
1.450491
1.433307
1.444365
1.434245
1.432267
1.443833
1.447207
1.44114
1.423671
1.413924
1.420207
1.41738
1.369369
1.351715
1.371215
1.344624
1.322471
1.311964
1.30404
1.31402
1.337463
1.330876
1.322182
1.318702
1.334934
1.324555
1.313111
1.326226
1.329907
1.333442
1.326599
1.33943
1.328216
1.335679
1.356002
1.336896
1.335934
1.331
1.327021
1.32294
1.318658
1.342565
1.369167
1.37347
1.398593
1.384711
1.397909
1.364323
1.354422
1.361465
1.320852
1.30722
1.29973
1.289026
1.293066
1.283085
1.267079
1.284825
1.277359
1.260435
1.27018
1.263715
1.264801
1.27128
1.272975
1.262344
1.247755
1.251497
1.253807
1.265427
1.247984
1.254101
1.249688
1.285835
1.293539
1.310169
1.292971
1.291529
1.303117
1.286083
1.265855
1.249612
1.260883
1.240442
1.24608
1.253833
1.254634
1.23038
1.241206
1.233876
1.239501
1.196859
1.223614
1.189918
1.183446
1.194506
1.211143
1.220043
1.203259
1.195889
1.212787
1.222053
1.218216
1.189055
1.193385
1.170124
1.185289
1.166646
1.15594
1.152465
1.158176
1.123168
1.106482
1.083872
1.082469
1.095372
1.096079
1.092248
1.099571
1.118088
1.114439
1.146426
1.130042
1.125921
1.125179
1.109114
1.102824
1.125108
1.124026
1.126949
1.123889
1.140358
1.135796
1.144985
1.142398
1.146344
1.140679
1.136707
1.147568
1.122771
1.14011
1.126398
1.142678
1.153483
1.1368
1.144954
1.166222
1.177743
1.197549
1.213277
1.213092
1.205862
1.190757
1.209359
1.21329
1.24442
1.256718
1.27374
1.277726
1.295034
1.271648
1.271883
1.254389
1.248719
1.221248
1.247585
1.259068
1.261912
1.273089
1.287196
1.288337
1.293636
1.295437
1.285731
1.302554
1.32021
1.333078
1.352667
1.350956
1.337349
1.325325
1.347588
1.340042
1.338022
1.346678
1.329973
1.320473
1.319912
1.315107
1.322949
1.322822
1.336943
1.353572
1.372787
1.374494
1.381585
1.36819
1.387273
1.377294
1.371587
1.372294
1.343616
1.354353
1.327323
1.323063
1.307826
1.301024
1.332338
1.323093
1.334228
1.347589
1.319594
1.302208
1.291173
1.282415
1.287092
1.261056
1.235633
1.218013
1.214993
1.204669
1.228389
1.224368
1.247772
1.250915
1.260831
1.272421
1.295958
1.324433
1.31246
1.330447
1.320041
1.343997
1.359282
1.323547
1.319768
1.330975
1.347026
1.352088
1.349617
1.371857
1.374046
1.378968
1.365989
1.359728
1.354762
1.361117
1.374321
1.356958
1.349103
1.35644
1.368984
1.363564
1.353512
1.366635
1.33911
1.346804
1.328927
1.329456
1.32115
1.307518
1.330867
1.328435
1.330383
1.323514
1.316894
1.320813
1.338182
1.337482
1.314084
1.318307
1.332761
1.348609
1.32659
1.300679
1.293526
1.287131
1.300076
1.297342
1.31627
1.306687
1.28264
1.280288
1.2743
1.284169
1.283687
1.319596
1.310947
1.289937
1.292473
1.30874
1.319684
1.316273
1.327942
1.349005
1.332487
1.320089
1.329265
1.330351
1.316438
1.32979
1.315399
1.301044
1.277261
1.255098
1.294963
1.278943
1.290445
1.288508
1.28972
1.274749
1.263963
1.285383
1.29944
1.293444
1.31371
1.29185
1.259039
1.248082
1.236831
1.240886
1.220923
1.217081
1.232651
1.240081
1.235716
1.247056
1.242912
1.236296
1.226212
1.222794
1.206476
1.190082
1.169695
1.206802
1.193531
1.164402
1.158353
1.138623
1.125166
1.134246
1.148103
1.144677
1.153962
1.13577
1.122042
1.144943
1.148427
1.180363
1.196907
1.213418
1.217127
1.217735
1.222929
1.230703
1.220628
1.225236
1.204743
1.167713
1.142056
1.160114
1.158621
1.13862
1.140301
1.128383
1.127393
1.117502
1.114705
1.146371
1.153292
1.148567
1.151766
1.181142
1.161379
1.157835
1.181097
1.165295
1.158997
1.128944
1.132312
1.130147
1.139288
1.124161
1.116166
1.139554
1.126964
1.148273
1.122823
1.127408
1.123082
1.127271
1.120576
1.122939
1.129274
1.155928
1.155619
1.170337
1.188617
1.170135
1.19726
1.182752
1.1932
1.216681
1.262191
1.275097
1.256817
1.236641
1.253311
1.235552
1.22947
1.247381
1.243778
1.250558
1.242039
1.26143
1.295295
1.306466
1.305906
1.316023
1.327849
1.309511
1.281917
1.294974
1.331821
1.312451
1.318969
1.290884
1.275063
1.293015
1.281378
1.283535
1.285274
1.300349
1.284149
1.304393
1.307382
1.299772
1.286566
1.282436
1.293314
1.28725
1.319242
1.322329
1.351088
1.326104
1.329588
1.358105
1.364019
1.375889
1.419628
1.426221
1.419034
1.390487
1.414212
1.3936
1.383561
1.406037
1.377312
1.405109
1.390423
1.388545
1.382977
1.380057
1.39938
1.39881
1.388655
1.379221
1.381782
1.375518
1.395179
1.404202
1.405732
1.403846
1.391097
1.373971
1.3821
1.382547
1.361206
1.340163
1.359797
1.366996
1.361104
1.363523
1.362963
1.360328
1.376129
1.397837
1.406929
1.409032
1.415656
1.423062
1.419231
1.394129
1.385836
1.369993
1.360822
1.370993
1.359094
1.369448
1.36004
1.380966
1.399546
1.412197
1.432286
1.454038
1.457765
1.474213
1.470222
1.478362
1.488225
1.478441
1.490231
1.48123
1.470289
1.479568
1.440892
1.434056
1.440757
1.455616
1.469345
1.478027
1.460569
1.449486
1.439818
1.437869
1.443997
1.446389
1.461142
1.451771
1.466501
1.463079
1.452058
1.438345
1.395753
1.394423
1.420701
1.40816
1.413301
1.418367
1.40143
1.384689
1.372585
1.355797
1.327557
1.321477
1.325227
1.312518
1.333698
1.326409
1.321394
1.328005
1.342441
1.349813
1.340664
1.347189
1.332865
1.360051
1.358873
1.339155
1.36017
1.360722
1.343036
1.362609
1.362828
1.362569
1.352519
1.368552
1.365217
1.361087
1.364374
1.37016
1.360216
1.365207
1.395391
1.39416
1.367276
1.332272
1.335133
1.34354
1.351142
1.371656
1.380673
1.383106
1.369231
1.386625
1.395557
1.401627
1.398747
1.384087
1.375974
1.370609
1.360619
1.365117
1.352016
1.323435
1.352989
1.364177
1.36638
1.340961
1.344581
1.337254
1.314672
1.289647
1.296467
1.293812
1.278204
1.27659
1.268925
1.249918
1.262
1.276569
1.269792
1.277524
1.294649
1.326371
1.33741
1.338294
1.371202
1.374557
1.387854
1.396448
1.378646
1.363906
1.358408
1.38579
1.385136
1.373113
1.376775
1.378603
1.382941
1.379925
1.355501
1.348422
1.370493
1.365034
1.363471
1.390629
1.390821
1.385181
1.396931
1.392018
1.434934
1.427837
1.425899
1.420169
1.430183
1.440254
1.458701
1.453101
1.443748
1.443609
1.43104
1.444939
1.443718
1.424835
1.41663
1.436683
1.417404
1.411627
1.409849
1.418825
1.414998
1.415765
1.399962
1.430772
1.443427
1.434871
1.431622
1.40576
1.39881
1.397185
1.401491
1.391952
1.392435
1.393952
1.385496
1.367028
1.390158
1.386228
1.405462
1.424879
1.417821
1.424705
1.429261
1.391682
1.409892
1.418069
1.388893
1.382011
1.370355
1.358883
1.372828
1.388308
1.40905
1.430879
1.474494
1.473145
1.441478
1.446642
1.431045
1.421006
1.403758
1.411563
1.404273
1.391751
1.40361
1.397146
1.422944
1.397933
1.408913
1.396232
1.397462
1.390008
1.414362
1.426089
1.435801
1.454031
1.446051
1.444741
1.452227
1.458949
1.438925
1.445936
1.448315
1.461261
1.473089
1.477955
1.46209
1.466114
1.464129
1.436577
1.410008
1.389154
1.385289
1.371834
1.382224
1.398329
1.411522
1.392303
1.374997
1.369536
1.354735
1.355553
1.344325
1.325168
1.311298
1.313073
1.297082
1.320887
1.314895
1.302383
1.327434
1.330742
1.336868
1.324753
1.33971
1.345362
1.381132
1.390568
1.398473
1.390873
1.376072
1.341296
1.350676
1.338788
1.350979
1.355837
1.341019
1.316699
1.324449
1.316713
1.333044
1.305539
1.29689
1.321745
1.317944
1.326908
1.341915
1.32221
1.304887
1.306443
1.280781
1.269358
1.24682
1.254527
1.274396
1.283539
1.285187
1.32778
1.313432
1.303805
1.277218
1.265517
1.263236
1.253077
1.256522
1.262065
1.233498
1.224118
1.214203
1.215629
1.224359
1.206042
1.209335
1.199807
1.218072
1.222425
1.21433
1.231349
1.24224
1.25242
1.247022
1.247472
1.229349
1.218522
1.237412
1.242484
1.226166
1.230316
1.242046
1.260824
1.264167
1.239967
1.245465
1.235234
1.233128
1.239246
1.242007
1.249502
1.241393
1.2344
1.235827
1.215295
1.199396
1.199583
1.187807
1.180255
1.14674
1.153783
1.146518
1.124686
1.122649
1.125898
1.110975
1.129453
1.136218
1.159536
1.132581
1.131096
1.125187
1.140418
1.139753
1.131473
1.130088
1.147743
1.130951
1.105041
1.129845
1.117594
1.108598
1.07351
1.064423
1.059498
1.070412
1.060448
1.077212
1.085369
1.089557
1.104962
1.13828
1.124041
1.114874
1.124392
1.110411
1.114093
1.100567
1.086496
1.090935
1.076903
1.077821
1.073476
1.078927
1.070384
1.101253
1.095346
1.058278
1.046328
1.050337
1.057112
1.043787
1.049667
1.053011
1.070084
1.061761
1.10836
1.111284
1.084286
1.114818
1.122064
1.104886
1.099988
1.106173
1.08042
1.07806
1.098291
1.094945
1.108529
1.101061
1.075618
1.086799
1.070761
1.082698
1.110593
1.154915
1.165551
1.171079
1.174483
1.149667
1.152023
1.133203
1.132864
1.144022
1.158601
1.159019
1.154003
1.153184
1.177717
1.179296
1.180062
1.187175
1.184024
1.197176
1.181159
1.194021
1.209336
1.226987
1.268449
1.256335
1.262163
1.261726
1.260606
1.264902
1.248754
1.266074
1.237071
1.234957
1.216868
1.212199
1.239085
1.253973
1.266726
1.267297
1.291917
1.303045
1.265572
1.276192
1.279198
1.267586
1.27443
1.280884
1.258651
1.242295
1.238656
1.238682
1.243852
1.238955
1.271475
1.27372
1.270392
1.253194
1.253848
1.236628
1.235042
1.235403
1.234591
1.245138
1.23729
1.219737
1.243671
1.224345
1.235932
1.247492
1.25677
1.259485
1.252801
1.269575
1.2552
1.258522
1.268631
1.252848
1.242186
1.222535
1.223697
1.214306
1.21629
1.223609
1.260209
1.275592
1.277149
1.299139
1.311019
1.31944
1.311836
1.3151
1.347251
1.363876
1.357821
1.348962
1.356399
1.355492
1.350502
1.360907
1.372496
1.372072
1.394498
1.41383
1.403315
1.418847
1.389503
1.397487
1.363684
1.361596
1.380301
1.393339
1.412645
1.412445
1.393415
1.398738
1.413499
1.410862
1.379691
1.380899
1.394899
1.405951
1.401773
1.389555
1.38635
1.402699
1.413151
1.398141
1.395068
1.385314
1.372074
1.370784
1.364624
1.3792
1.386699
1.39992
1.399099
1.417982
1.417263
1.404747
1.405799
1.395396
1.405114
1.39858
1.400286
1.373522
1.367983
1.339156
1.33472
1.360062
1.341488
1.351231
1.362699
1.370854
1.383101
1.38582
1.384461
1.358502
1.344454
1.3211
1.311381
1.287797
1.248765
1.234236
1.254098
1.256052
1.248745
1.242302
1.246357
1.246642
1.244878
1.224653
1.188157
1.200752
1.184874
1.149143
1.118644
1.121257
1.137173
1.149458
1.131337
1.137927
1.129823
1.116602
1.115885
1.095283
1.080981
1.08062
1.071423
1.054993
1.047739
1.053403
1.079549
1.070677
1.076426
1.067761
1.072378
1.059883
1.060187
1.064539
1.071774
1.050416
1.024438
1.001691
0.9790523
0.9570583
0.9566708
0.928689
0.9153277
0.933032
0.9261572
0.9219636
0.9467403
0.9620584
0.9665097
0.9769748
0.9669807
0.9644412
0.9724655
0.9714949
0.9673797
0.9875517
0.9839108
0.9583588
0.930638
0.9225118
0.9269342
0.9268172
0.8988481
0.8994133
0.8833891
0.8963826
0.906728
0.9150343
0.9226279
0.9296015
0.9225412
0.8963212
0.8973071
0.9220974
0.9426575
0.9420331
0.9559517
0.9617387
0.9716542
0.9738167
0.9495193
0.9540144
0.9416482
0.9440445
0.9417191
0.9418735
0.921117
0.9454025
0.932331
0.9439221
0.9415992
0.9318478
0.9202022
0.9036521
0.8930726
0.8958382
0.9025358
0.9195154
0.9199817
0.9247252
0.9172686
0.8897604
0.8995363
0.905825
0.9087763
0.919518
0.9401136
0.9435734
0.9324574
0.9361534
0.9313744
0.9533795
0.9557406
0.9673809
0.97688
0.9282797
0.9282674
0.9246742
0.9056105
0.8980078
0.8534237
0.8933957
0.8940071
0.8812827
0.8865298
0.9008357
0.9316148
0.9276299
0.9364102
0.921813
0.9108643
0.9093181
0.9013475
0.9143595
0.9224117
0.9384718
0.9278824
0.9639688
0.9855646
0.980043
0.9730576
0.9859955
0.9808953
0.983803
0.9571048
0.9676295
0.9448137
0.9679525
0.9631417
0.949819
0.9763379
0.9712087
0.9870442
1.022486
1.011986
1.029188
1.027267
0.9997384
1.00833
1.023782
0.9970894
1.027
1.031364
1.006947
1.013794
1.00472
1.027327
0.9998059
0.9929877
0.9850231
0.9560917
0.9554564
0.9521508
0.9737115
0.997806
0.9802579
0.9541481
0.9779354
0.9892591
1.019032
1.03088
0.9996717
0.9572227
0.9377093
0.9646832
0.9800012
1.003661
1.020763
1.016962
1.039144
1.053782
1.06245
1.043036
1.045193
1.009047
1.003097
1.002054
1.011725
1.057022
1.044531
1.040921
1.027548
0.99501
1.002167
1.009126
1.022857
1.0177
1.026554
1.04808
1.039433
1.057549
1.065802
1.048694
1.079726
1.05672
1.062168
1.085291
1.082279
1.076996
1.068682
1.074889
1.076422
1.102517
1.114521
1.112135
1.112372
1.101706
1.097003
1.090613
1.101272
1.103537
1.123255
1.121156
1.109432
1.117446
1.109785
1.095216
1.099958
1.072203
1.072671
1.072071
1.077348
1.078597
1.066884
1.071025
1.082786
1.081561
1.085923
1.058859
1.089768
1.103606
1.117186
1.138706
1.141141
1.142577
1.148716
1.140548
1.120714
1.136198
1.131516
1.147782
1.129593
1.105586
1.117296
1.107858
1.122729
1.142945
1.131695
1.147584
1.120446
1.139841
1.153724
1.15922
1.171861
1.159119
1.1635
1.172459
1.158047
1.164149
1.175831
1.18051
1.177652
1.17033
1.127725
1.126181
1.106669
1.088176
1.062667
1.071019
1.070124
1.080686
1.088691
1.101895
1.085106
1.091922
1.092439
1.068981
1.080674
1.081916
1.068479
1.05611
1.055226
1.052491
1.043771
1.042532
1.018482
1.006619
1.003251
1.011093
0.9793988
0.9479042
0.9715148
0.9624325
0.9628017
0.9759303
0.9888186
0.9895724
0.9731525
0.9704316
1.002653
1.042511
1.072157
1.066551
1.050724
1.06371
1.064622
1.074932
1.058894
1.055462
1.032722
1.030803
1.015163
1.013647
1.035656
1.025901
1.050529
1.074711
1.065236
1.053333
1.041839
1.058604
1.064602
1.059693
1.066529
1.067784
1.050494
1.032805
1.037393
1.062385
1.048404
1.020367
1.035017
1.04149
1.046437
1.042092
1.015329
1.017398
0.9919559
1.006057
0.9920078
0.994615
0.9730395
0.9676834
0.9696785
0.9368067
0.9353645
0.9429112
0.9045974
0.9123263
0.9121641
0.8988564
0.8963929
0.9208641
0.9230754
0.9321954
0.9324908
0.9352788
0.9192146
0.9020103
0.9014774
0.8973922
0.8873766
0.9059545
0.8906856
0.8969536
0.8805167
0.8841487
0.8565731
0.8799829
0.8480401
0.8537702
0.8715887
0.8479752
0.8313743
0.8333719
0.8092005
0.8200573
0.8012876
0.8237267
0.8370003
0.8481561
0.8306746
0.8131681
0.8080388
0.8208857
0.8580525
0.8698074
0.8655702
0.8468034
0.8193204
0.8032396
0.8036705
0.8214381
0.80658
0.8272827
0.8454343
0.8363986
0.8128045
0.8048403
0.8266262
0.8314539
0.8173443
0.8088079
0.7825772
0.7880476
0.7827471
0.7715806
0.8022339
0.8191181
0.8139559
0.8195805
0.8459642
0.8333815
0.852006
0.8333253
0.8029324
0.7876375
0.8154453
0.8079593
0.808916
0.8083365
0.7995633
0.7918595
0.7684832
0.7647031
0.7504863
0.7942874
0.79053
0.7986926
0.7872069
0.7841787
0.7606014
0.7787742
0.7822975
0.7623685
0.7448153
0.7213655
0.7074478
0.7123583
0.7093289
0.7150013
0.7168444
0.7083936
0.7079912
0.6712499
0.6798688
0.7035951
0.7013154
0.7086546
0.7212146
0.7496272
0.7442812
0.7467408
0.7595414
0.7574201
0.7564021
0.7719664
0.799309
0.787924
0.7997152
0.7898441
0.7987985
0.7873024
0.7891142
0.7761619
0.748658
0.7831209
0.7870286
0.7796683
0.7619796
0.7447274
0.7500003
0.7605031
0.7675471
0.7639677
0.7704122
0.7589133
0.7339593
0.7118225
0.7213011
0.7161244
0.7151176
0.7112763
0.7208024
0.7167654
0.7281554
0.7304118
0.7528141
0.7505015
0.7343622
0.7619644
0.7729679
0.7581954
0.7532139
0.749098
0.7507768
0.7288245
0.7253482
0.7134188
0.727957
0.7083058
0.6953565
0.6808181
0.6701518
0.6760179
0.7088168
0.7239558
0.749632
0.749751
0.7670983
0.7595241
0.8230993
0.8503454
0.8447886
0.8274496
0.8333944
0.8498802
0.8447385
0.8501574
0.8486668
0.8606496
0.8484799
0.8644134
0.8681948
0.858847
0.8762785
0.842732
0.8700584
0.8661183
0.8635878
0.8588602
0.8499542
0.8634931
0.8293134
0.8635111
0.8646863
0.9060422
0.8981995
0.9175195
0.9086524
0.9366655
0.9133512
0.9570288
0.9779022
0.9832497
0.9877777
0.9925641
0.9950741
1.004185
1.029522
1.044504
1.021842
1.009858
1.018528
1.007905
0.9896704
0.9790748
0.9570289
0.974626
0.9752309
0.9802736
0.9481455
0.9658739
0.9697072
1.007753
1.007048
1.007146
1.029009
1.0226
1.005332
0.9976932
0.9885192
0.9796765
0.9841355
0.9917569
0.9612337
0.940905
0.9471693
0.9278138
0.9266178
0.8916798
0.9057229
0.9182759
0.938958
0.9470669
0.9668459
0.9828535
0.9748193
0.9694081
0.9759909
0.9758561
0.9984575
0.9833587
0.9763772
0.9873985
0.9886263
0.9763215
0.989033
0.9894708
1.020921
1.036408
1.02001
1.045944
1.052306
1.055322
1.035248
1.037408
1.048035
1.055335
1.069865
1.04553
1.038558
1.040132
1.066527
1.070346
1.073828
1.069973
1.068643
1.077898
1.090236
1.071084
1.05313
1.058807
1.06134
1.078273
1.069202
1.060447
1.054302
1.065654
1.056429
1.048457
1.038915
1.034103
1.039792
1.064437
1.062305
1.061
1.06743
1.04745
1.039842
1.066319
1.061868
1.063248
1.082513
1.110632
1.121919
1.109969
1.118623
1.122581
1.123867
1.10263
1.11077
1.146362
1.171743
1.176282
1.155576
1.151345
1.133915
1.128963
1.137287
1.135052
1.13796
1.128106
1.115763
1.131125
1.111962
1.125158
1.147101
1.149113
1.177516
1.175356
1.176783
1.160874
1.172753
1.151107
1.154522
1.155078
1.1712
1.15509
1.134425
1.124778
1.124792
1.125489
1.12154
1.103519
1.110491
1.113293
1.129777
1.129277
1.134291
1.134698
1.133213
1.131085
1.134406
1.107152
1.08736
1.088809
1.11796
1.117411
1.130909
1.155272
1.15762
1.170823
1.139922
1.124302
1.127905
1.157462
1.1713
1.168192
1.165078
1.190918
1.164578
1.15972
1.176982
1.201729
1.17804
1.167894
1.168433
1.177938
1.164746
1.137488
1.154017
1.1611
1.146931
1.151359
1.167767
1.201211
1.200858
1.183486
1.172918
1.161615
1.173491
1.185143
1.181157
1.185738
1.164342
1.156881
1.171827
1.174695
1.161604
1.185977
1.180763
1.198932
1.208103
1.194222
1.166627
1.171531
1.169434
1.174991
1.185801
1.180712
1.182452
1.191684
1.160438
1.190531
1.189177
1.198468
1.18906
1.180349
1.20119
1.209107
1.210682
1.225163
1.199427
1.192458
1.202768
1.182527
1.167122
1.183324
1.187194
1.147555
1.158567
1.147086
1.094331
1.12087
1.11409
1.09243
1.096442
1.123649
1.113605
1.112683
1.125085
1.110759
1.111529
1.128007
1.111323
1.139305
1.140996
1.148029
1.128648
1.121483
1.140878
1.168707
1.159224
1.191637
1.190136
1.214322
1.229901
1.251207
1.238971
1.209973
1.207462
1.198744
1.19979
1.176676
1.170109
1.157294
1.131825
1.104947
1.097645
1.063609
1.073044
1.073898
1.092745
1.089082
1.092598
1.117997
1.116093
1.156799
1.137769
1.162175
1.179427
1.147139
1.149562
1.149344
1.147817
1.161814
1.154726
1.162451
1.160332
1.14884
1.141325
1.150817
1.137741
1.144064
1.147922
1.100397
1.11978
1.087653
1.070853
1.101839
1.099666
1.110105
1.10455
1.112526
1.105249
1.111299
1.12491
1.127676
1.121554
1.120399
1.123934
1.108585
1.090528
1.092498
1.074605
1.057192
1.071176
1.080099
1.112563
1.129845
1.14109
1.139668
1.128161
1.098248
1.108891
1.127377
1.116078
1.111967
1.12067
1.113152
1.085214
1.082316
1.077763
1.0656
1.07331
1.047907
1.041964
1.057806
1.069754
1.051216
1.084177
1.079626
1.088715
1.072118
1.083967
1.081776
1.085041
1.108306
1.141332
1.157277
1.181874
1.197881
1.211086
1.202902
1.221573
1.220281
1.203871
1.224694
1.23211
1.226553
1.23618
1.199869
1.193614
1.174294
1.166194
1.178482
1.174969
1.166469
1.197701
1.169667
1.171196
1.151682
1.147751
1.140919
1.141644
1.144758
1.138613
1.15923
1.167367
1.175345
1.156928
1.157997
1.147424
1.143862
1.136638
1.126381
1.133728
1.122886
1.140237
1.161915
1.14822
1.164562
1.185752
1.201602
1.218115
1.222757
1.221778
1.224605
1.266384
1.27976
1.291316
1.304219
1.287085
1.325374
1.298781
1.30847
1.32213
1.308253
1.297366
1.270348
1.264683
1.264359
1.300458
1.340953
1.331389
1.347058
1.345957
1.347583
1.339363
1.35021
1.366409
1.394986
1.426666
1.424688
1.412934
1.424686
1.406274
