probIn scale
0.5005434 7.42408e-06
0.4970486 7.394934e-06
0.4953945 7.375628e-06
0.4949118 7.311877e-06
0.4944 7.337169e-06
0.4935421 7.341397e-06
0.4910324 7.342182e-06
0.4886447 7.312143e-06
0.4884287 7.318456e-06
0.4881368 7.317347e-06
0.4950699 7.291861e-06
0.4914848 7.262602e-06
0.4959101 7.301532e-06
0.4961768 7.318675e-06
0.4992692 7.308492e-06
0.4947514 7.340692e-06
0.4924166 7.320631e-06
0.4988105 7.324914e-06
0.4972794 7.339409e-06
0.4945953 7.267897e-06
0.4937356 7.254083e-06
0.4925236 7.286918e-06
0.4923654 7.308007e-06
0.4936394 7.321312e-06
0.4899486 7.261695e-06
0.4871355 7.249214e-06
0.4831216 7.221847e-06
0.4812653 7.227051e-06
0.4802376 7.205304e-06
0.4778673 7.196641e-06
0.4773178 7.14455e-06
0.4811901 7.129308e-06
0.4810681 7.11868e-06
0.4788195 7.149667e-06
0.472179 7.160549e-06
0.474557 7.175228e-06
0.4782225 7.189643e-06
0.4724981 7.193983e-06
0.4695369 7.185269e-06
0.4715782 7.168669e-06
0.475183 7.155934e-06
0.4741391 7.164912e-06
0.4746543 7.105744e-06
0.472726 7.090512e-06
0.4740956 7.070201e-06
0.4694447 7.073724e-06
0.47243 7.041745e-06
0.4656943 7.022626e-06
0.4657291 6.97373e-06
0.4664681 6.958898e-06
0.4691061 6.950585e-06
0.4698662 6.983085e-06
0.4717941 6.924364e-06
0.4650956 6.912831e-06
0.466391 6.893802e-06
0.4711581 6.885638e-06
0.4753333 6.872274e-06
0.4768482 6.856961e-06
0.47394 6.84947e-06
0.4735891 6.820623e-06
0.4731509 6.7761e-06
0.4752398 6.775399e-06
0.4719428 6.78952e-06
0.4679026 6.776638e-06
0.4690126 6.791349e-06
0.4691753 6.786398e-06
0.4642085 6.78392e-06
0.4636939 6.731713e-06
0.4622877 6.728866e-06
0.4574605 6.714151e-06
0.4527825 6.722537e-06
0.4507901 6.712358e-06
0.4502755 6.700866e-06
0.4535785 6.670641e-06
0.4505898 6.665128e-06
0.4481979 6.669844e-06
0.446059 6.666975e-06
0.443306 6.660863e-06
0.442753 6.683015e-06
0.4399513 6.692125e-06
0.4400523 6.69851e-06
0.440878 6.699161e-06
0.4427724 6.700843e-06
0.43736 6.675149e-06
0.4394437 6.603241e-06
0.4388331 6.604033e-06
0.4362611 6.61747e-06
0.4340548 6.614355e-06
0.4357294 6.6246e-06
0.4341184 6.594985e-06
0.4324256 6.590232e-06
0.4325556 6.594236e-06
0.4319982 6.616126e-06
0.4318306 6.585183e-06
0.4326274 6.621401e-06
0.4332103 6.601625e-06
0.4410906 6.578712e-06
0.4418799 6.577415e-06
0.4412316 6.574688e-06
0.4411392 6.593665e-06
0.4397547 6.628484e-06
0.4374163 6.642241e-06
0.4365568 6.626054e-06
0.4386232 6.615771e-06
0.4372955 6.605819e-06
0.4367483 6.590275e-06
0.4391438 6.567946e-06
0.4341076 6.571268e-06
0.4406457 6.558608e-06
0.4408048 6.606417e-06
0.4468649 6.611748e-06
0.4419729 6.657613e-06
0.4431226 6.671715e-06
0.4425273 6.694959e-06
0.4445137 6.682153e-06
0.4468401 6.68711e-06
0.4471729 6.683657e-06
0.4499782 6.666054e-06
0.4490819 6.633635e-06
0.4488311 6.652509e-06
0.4485842 6.657695e-06
0.4464131 6.621902e-06
0.4470342 6.612486e-06
0.4475131 6.64915e-06
0.4499472 6.644234e-06
0.4502356 6.600467e-06
0.4517117 6.548745e-06
0.4450878 6.550591e-06
0.441359 6.552197e-06
0.4431512 6.541533e-06
0.4405261 6.520035e-06
0.4433256 6.534969e-06
0.4455922 6.506676e-06
0.4451676 6.535495e-06
0.4458402 6.546116e-06
0.4462516 6.566392e-06
0.4435519 6.58535e-06
0.4385704 6.573116e-06
0.4382907 6.544848e-06
0.4375808 6.515167e-06
0.4324282 6.502363e-06
0.4302258 6.483415e-06
0.4290319 6.473934e-06
0.4337072 6.439945e-06
0.4357878 6.417148e-06
0.4342839 6.426314e-06
0.4297294 6.375664e-06
0.4273792 6.393757e-06
0.425852 6.423589e-06
0.4268072 6.413398e-06
0.4313268 6.408871e-06
0.4257759 6.402342e-06
0.4273896 6.385846e-06
0.4335358 6.399751e-06
0.4309925 6.389787e-06
0.4348232 6.375588e-06
0.4341084 6.369222e-06
0.4305264 6.363457e-06
0.4289491 6.371246e-06
0.4296223 6.371343e-06
0.4333477 6.336088e-06
0.434781 6.331886e-06
0.4338181 6.311149e-06
0.43496 6.290337e-06
0.4316882 6.277206e-06
0.4291237 6.267688e-06
0.4349298 6.263338e-06
0.4335256 6.244674e-06
0.4363419 6.244075e-06
0.4376141 6.226081e-06
0.4368476 6.216951e-06
0.4371312 6.268671e-06
0.4359937 6.307729e-06
0.433218 6.287841e-06
0.4299683 6.280732e-06
0.4286697 6.282168e-06
0.4318602 6.256174e-06
0.4298602 6.256062e-06
0.4301004 6.235881e-06
0.4321947 6.178263e-06
0.4358763 6.182849e-06
0.4345202 6.169666e-06
0.4325592 6.211607e-06
0.4388231 6.208199e-06
0.440735 6.195793e-06
0.4390456 6.206507e-06
0.434965 6.202913e-06
0.4406769 6.206665e-06
0.4448769 6.222891e-06
0.4477905 6.240938e-06
0.4443925 6.224101e-06
0.4398367 6.215434e-06
0.4364516 6.245616e-06
0.4329307 6.234714e-06
0.4285861 6.185678e-06
0.4302626 6.194968e-06
0.4284038 6.21043e-06
0.4252436 6.167554e-06
0.4232496 6.17015e-06
0.4234154 6.127647e-06
0.42575 6.116375e-06
0.4286879 6.115833e-06
0.4317911 6.106147e-06
0.4363949 6.167098e-06
0.4357131 6.157917e-06
0.4382018 6.118709e-06
0.4393461 6.118756e-06
0.4407028 6.119968e-06
0.4403954 6.115623e-06
0.4393353 6.123579e-06
0.43805 6.131174e-06
0.4347985 6.147599e-06
0.4391158 6.120528e-06
0.4365934 6.10414e-06
0.4397151 6.109041e-06
0.4337938 6.074025e-06
0.4393986 6.105337e-06
0.4354628 6.077844e-06
0.4331705 6.087151e-06
0.4337018 6.080625e-06
0.4368012 6.045229e-06
0.4345516 6.061029e-06
0.4295773 6.054304e-06
0.4292187 6.028229e-06
0.4228348 6.016847e-06
0.4253384 6.030933e-06
0.4221068 6.030631e-06
0.4251939 6.01838e-06
0.4255466 6.031317e-06
0.4270313 6.032278e-06
0.4283934 6.001889e-06
0.4290523 6.031097e-06
0.4291654 6.07283e-06
0.4323045 6.075886e-06
0.4333994 6.063757e-06
0.4351981 6.07817e-06
0.434518 6.06274e-06
0.4372404 6.095606e-06
0.4433616 6.087541e-06
0.4445291 6.128822e-06
0.4466785 6.113862e-06
0.446362 6.124627e-06
0.4433402 6.109275e-06
0.4435018 6.123391e-06
0.4450156 6.095269e-06
0.4469508 6.082967e-06
0.4411429 6.042515e-06
0.4394719 6.062274e-06
0.4396276 6.051465e-06
0.4408884 6.039268e-06
0.4452695 6.01962e-06
0.44362 5.994038e-06
0.4427442 5.994956e-06
0.4425483 5.965006e-06
0.4416587 5.951084e-06
0.440128 5.959568e-06
0.4373607 5.910178e-06
0.4345054 5.897962e-06
0.4337496 5.898733e-06
0.4400541 5.909355e-06
0.4434189 5.877696e-06
0.4447128 5.867672e-06
0.4423413 5.863655e-06
0.4410993 5.83438e-06
0.4382018 5.842452e-06
0.439133 5.846873e-06
0.4417528 5.838442e-06
0.4383123 5.846642e-06
0.4349813 5.840636e-06
0.4357123 5.819808e-06
0.432667 5.838041e-06
0.4351342 5.842344e-06
0.4386677 5.838203e-06
0.4387517 5.857456e-06
0.4376228 5.869998e-06
0.4374116 5.896825e-06
0.435458 5.888326e-06
0.4418637 5.871552e-06
0.4454008 5.864898e-06
0.4427111 5.930133e-06
0.44454 5.923125e-06
0.4441469 5.884958e-06
0.4523352 5.886371e-06
0.4531021 5.875402e-06
0.4494538 5.866231e-06
0.4478274 5.870257e-06
0.4443715 5.868397e-06
0.4418571 5.884947e-06
0.4421014 5.877265e-06
0.4419999 5.898188e-06
0.4409983 5.914889e-06
0.4453206 5.918596e-06
0.4387989 5.940468e-06
0.4398202 5.966816e-06
0.4365257 5.970554e-06
0.4349939 5.993737e-06
0.4358017 5.99043e-06
0.4332469 5.991499e-06
0.4350752 5.992043e-06
0.4319695 5.968777e-06
0.4333678 5.931446e-06
0.4344482 5.965987e-06
0.4372102 5.960835e-06
0.4395989 5.939702e-06
0.4398512 5.93736e-06
0.4436633 5.919757e-06
0.445135 5.931878e-06
0.4505923 5.926566e-06
0.4507976 5.913941e-06
0.446828 5.892801e-06
0.4466758 5.930697e-06
0.4440756 5.927906e-06
0.443185 5.930263e-06
0.4464114 5.946862e-06
0.4419182 5.930898e-06
0.4455064 5.89261e-06
0.4439308 5.873401e-06
0.4398271 5.888882e-06
0.4410586 5.860361e-06
0.4454357 5.852111e-06
0.451786 5.859138e-06
0.4581149 5.833113e-06
0.4545148 5.837516e-06
0.4546314 5.859506e-06
0.4529801 5.847626e-06
0.4533416 5.844071e-06
0.4503923 5.859439e-06
0.4499675 5.818957e-06
0.4488952 5.800236e-06
0.4493813 5.804192e-06
0.4503581 5.808189e-06
0.4544318 5.774173e-06
0.4542975 5.754534e-06
0.4547829 5.791437e-06
0.4481873 5.778137e-06
0.4475555 5.779496e-06
0.4492531 5.798881e-06
0.4506694 5.804303e-06
0.4506373 5.81813e-06
0.4485327 5.825738e-06
0.4486871 5.766461e-06
0.4502276 5.788027e-06
0.4469301 5.761269e-06
0.4457613 5.748332e-06
0.446725 5.768203e-06
0.4467579 5.74687e-06
0.4500269 5.730468e-06
0.4506283 5.743541e-06
0.4466014 5.747e-06
0.4441167 5.750183e-06
0.4443188 5.748403e-06
0.4491176 5.74918e-06
0.4459856 5.715477e-06
0.441803 5.70996e-06
0.4396382 5.721722e-06
0.4432049 5.706315e-06
0.4454761 5.725244e-06
0.442199 5.718162e-06
0.4432052 5.705533e-06
0.444281 5.714414e-06
0.4414393 5.709546e-06
0.4423217 5.722171e-06
0.4415019 5.748654e-06
0.4412354 5.736465e-06
0.4418888 5.714962e-06
0.443756 5.741952e-06
0.4447143 5.744705e-06
0.4483809 5.745138e-06
0.4446351 5.758763e-06
0.443119 5.719022e-06
0.4375815 5.720765e-06
0.4365711 5.700993e-06
0.4341398 5.685767e-06
0.4388688 5.69098e-06
0.4358224 5.716513e-06
0.4404579 5.701003e-06
0.4396088 5.717756e-06
0.4404164 5.7096e-06
0.4342166 5.705797e-06
0.4292896 5.737644e-06
0.4261256 5.733177e-06
0.4247612 5.772374e-06
0.4219951 5.785176e-06
0.4215534 5.779188e-06
0.4235412 5.77859e-06
0.4211883 5.798867e-06
0.4238831 5.797854e-06
0.425684 5.790079e-06
0.4295425 5.810923e-06
0.427797 5.798257e-06
0.4237328 5.799509e-06
0.4201 5.786043e-06
0.417435 5.790717e-06
0.4182038 5.779646e-06
0.4191652 5.780951e-06
0.4174876 5.732921e-06
0.4169979 5.719179e-06
0.4173884 5.694867e-06
0.4222783 5.68226e-06
0.4214521 5.672343e-06
0.4147537 5.632934e-06
0.4163507 5.671033e-06
0.4161016 5.699027e-06
0.4108242 5.686406e-06
0.4138846 5.683096e-06
0.41418 5.679188e-06
0.416599 5.669446e-06
0.4165266 5.688824e-06
0.4123606 5.696235e-06
0.4121383 5.688752e-06
0.4152975 5.677037e-06
0.4167851 5.708059e-06
0.4188206 5.733776e-06
0.4167123 5.696986e-06
0.4222858 5.685517e-06
0.4194457 5.656431e-06
0.4164359 5.646655e-06
0.4197049 5.691782e-06
0.4186888 5.671199e-06
0.418733 5.698679e-06
0.4203304 5.695335e-06
0.4183849 5.726454e-06
0.4123792 5.720028e-06
0.4070803 5.717026e-06
0.4080222 5.74033e-06
0.408605 5.674398e-06
0.4144447 5.648667e-06
0.4174341 5.645589e-06
0.4179055 5.675677e-06
0.4238283 5.654025e-06
0.4243548 5.675096e-06
0.4215468 5.675878e-06
0.4223908 5.650043e-06
0.4264299 5.641796e-06
0.4274648 5.632903e-06
0.4288726 5.655415e-06
0.4313756 5.658701e-06
0.4259962 5.687778e-06
0.4277191 5.669299e-06
0.4237066 5.619102e-06
0.4208857 5.648334e-06
0.4169837 5.649727e-06
0.4192848 5.64595e-06
0.4210415 5.683125e-06
0.4206108 5.658215e-06
0.4213958 5.662325e-06
0.4264253 5.652881e-06
0.428353 5.6404e-06
0.429855 5.62695e-06
0.4323663 5.610972e-06
0.4377998 5.619877e-06
0.4382585 5.63498e-06
0.4312188 5.618885e-06
0.4317125 5.634292e-06
0.4311905 5.630218e-06
0.4337684 5.620257e-06
0.4376895 5.607906e-06
0.4321267 5.635564e-06
0.4365212 5.623213e-06
0.4362238 5.641893e-06
0.4373995 5.641421e-06
0.4390033 5.6552e-06
0.4401676 5.656112e-06
0.4444838 5.656374e-06
0.4457021 5.655615e-06
0.4459443 5.645696e-06
0.4418806 5.672912e-06
0.4490598 5.642705e-06
0.4516057 5.659642e-06
0.446828 5.653302e-06
0.4489022 5.688344e-06
0.4481339 5.665882e-06
0.4457735 5.657592e-06
0.4411271 5.672904e-06
0.4391155 5.677782e-06
0.4375323 5.696212e-06
0.4371387 5.68907e-06
0.4307923 5.689843e-06
0.4298226 5.676185e-06
0.4287526 5.661752e-06
0.4319602 5.670712e-06
0.4267169 5.703455e-06
0.4292259 5.70963e-06
0.4302065 5.729997e-06
0.4287176 5.717453e-06
0.4239991 5.71225e-06
0.423838 5.715512e-06
0.4234289 5.713619e-06
0.4217817 5.725176e-06
0.419377 5.69201e-06
0.4189476 5.670691e-06
0.4182743 5.707103e-06
0.4186718 5.690825e-06
0.4203469 5.70773e-06
0.4226801 5.719003e-06
0.424165 5.705311e-06
0.4258766 5.672943e-06
0.4285762 5.691779e-06
0.4289251 5.666592e-06
0.4345978 5.681757e-06
0.4379506 5.670463e-06
0.4370938 5.712881e-06
0.4390429 5.707438e-06
0.4413202 5.705228e-06
0.435402 5.723059e-06
0.4363629 5.738526e-06
0.4372533 5.738738e-06
0.4406032 5.76304e-06
0.4433916 5.739949e-06
0.4445511 5.724704e-06
0.4421983 5.704435e-06
0.4410178 5.688218e-06
0.4427096 5.659553e-06
0.4455862 5.645799e-06
0.4427072 5.67542e-06
0.4421891 5.684299e-06
0.4397478 5.668227e-06
0.4338705 5.655639e-06
0.4322656 5.648396e-06
0.4316387 5.608741e-06
0.430898 5.577376e-06
0.4291313 5.581729e-06
0.4268412 5.566909e-06
0.4248809 5.573352e-06
0.42996 5.572679e-06
0.4306394 5.603792e-06
0.4235402 5.581819e-06
0.4209441 5.58578e-06
0.4235226 5.537749e-06
0.4236867 5.54549e-06
0.4231169 5.552638e-06
0.4229924 5.556048e-06
0.422162 5.559009e-06
0.4200723 5.578102e-06
0.4163336 5.588455e-06
0.4115311 5.622989e-06
0.4126109 5.637787e-06
0.4105849 5.661696e-06
0.4052917 5.666083e-06
0.406246 5.665746e-06
0.4113367 5.641746e-06
0.4124584 5.656364e-06
0.4116055 5.669313e-06
0.4087972 5.681106e-06
0.4113423 5.688092e-06
0.4132069 5.690846e-06
0.4142207 5.691755e-06
0.4132686 5.741599e-06
0.4132884 5.745846e-06
0.4070248 5.739629e-06
0.4070681 5.756768e-06
0.409412 5.729797e-06
0.4053414 5.756648e-06
0.4074295 5.728623e-06
0.4046108 5.771955e-06
0.4004134 5.758079e-06
0.401957 5.759889e-06
0.4012578 5.757948e-06
0.402608 5.767694e-06
0.4024315 5.773429e-06
0.399887 5.782615e-06
0.3997991 5.768621e-06
0.4019778 5.774922e-06
0.4009993 5.785259e-06
0.4017785 5.784351e-06
0.4022698 5.791687e-06
0.4019574 5.814129e-06
0.4041032 5.799255e-06
0.4129359 5.797472e-06
0.4096917 5.775959e-06
0.4133296 5.763966e-06
0.4113663 5.773819e-06
0.4138473 5.781925e-06
0.4125968 5.812456e-06
0.411887 5.799448e-06
0.4111621 5.774841e-06
0.4068893 5.766438e-06
0.4048458 5.761011e-06
0.4046555 5.789339e-06
0.405329 5.792676e-06
0.4001591 5.81314e-06
0.4030123 5.803889e-06
0.4044033 5.81149e-06
0.3996769 5.798737e-06
0.4012311 5.763035e-06
0.3981445 5.75861e-06
0.3976726 5.720163e-06
0.3962243 5.73255e-06
0.3944473 5.723193e-06
0.3895573 5.727062e-06
0.3939949 5.72233e-06
0.3921605 5.716138e-06
0.3905654 5.719372e-06
0.3864227 5.746358e-06
0.3907922 5.799758e-06
0.3864801 5.792525e-06
0.3939459 5.792731e-06
0.3970603 5.824485e-06
0.3956496 5.839132e-06
0.3953499 5.845131e-06
0.3993628 5.802514e-06
0.3988217 5.796503e-06
0.3923512 5.795118e-06
0.3883191 5.80081e-06
0.3890955 5.824729e-06
0.3884843 5.835638e-06
0.3845705 5.828696e-06
0.3859387 5.811579e-06
0.3883469 5.795221e-06
0.390172 5.819105e-06
0.3894543 5.852671e-06
0.3928229 5.827235e-06
0.396239 5.789305e-06
0.3929555 5.817702e-06
0.3939024 5.810805e-06
0.3944914 5.813313e-06
0.3919021 5.813766e-06
0.3938215 5.827924e-06
0.3927501 5.826872e-06
0.3887908 5.820332e-06
0.3890311 5.78755e-06
0.3884715 5.7811e-06
0.3909251 5.800626e-06
0.3895421 5.800846e-06
0.3928751 5.768576e-06
0.3877808 5.767317e-06
0.3833246 5.814003e-06
0.3919383 5.826408e-06
0.3911445 5.811045e-06
0.3943488 5.800654e-06
0.3890217 5.791694e-06
0.3961884 5.789537e-06
0.3974767 5.797748e-06
0.3990908 5.774383e-06
0.3993852 5.800194e-06
0.4002128 5.804211e-06
0.4041778 5.808988e-06
0.4018322 5.756722e-06
0.4070632 5.768648e-06
0.4091731 5.797805e-06
0.4052448 5.79561e-06
0.4025512 5.755462e-06
0.403427 5.769504e-06
0.4008968 5.779159e-06
0.4012383 5.802765e-06
0.3976447 5.775604e-06
0.3966925 5.789411e-06
0.3978847 5.805086e-06
0.3967689 5.814485e-06
0.3938783 5.795407e-06
0.392041 5.780701e-06
0.391614 5.740416e-06
0.3957162 5.755684e-06
0.3894539 5.754667e-06
0.3943154 5.777596e-06
0.3914911 5.754397e-06
0.3924234 5.773312e-06
0.3909557 5.748356e-06
0.3941228 5.755837e-06
0.4009352 5.758288e-06
0.3998639 5.782854e-06
0.40306 5.742061e-06
0.4023443 5.721284e-06
0.4049638 5.715071e-06
0.4014402 5.66833e-06
0.3990159 5.680878e-06
0.4012743 5.685522e-06
0.4037093 5.71137e-06
0.3991788 5.697669e-06
0.3982913 5.72477e-06
0.3960625 5.754097e-06
0.3987765 5.754717e-06
0.3989058 5.735292e-06
0.4011444 5.708591e-06
0.3955641 5.694778e-06
0.3972482 5.67054e-06
0.3947193 5.640087e-06
0.397345 5.6402e-06
0.3991834 5.642178e-06
0.4040417 5.65932e-06
0.4030719 5.611536e-06
0.3990328 5.631055e-06
0.399239 5.630615e-06
0.3994117 5.625776e-06
0.3952398 5.621299e-06
0.3986287 5.621351e-06
0.3962087 5.64076e-06
0.398577 5.640164e-06
0.3934176 5.609865e-06
0.393883 5.610567e-06
0.3943888 5.60493e-06
0.3944078 5.608075e-06
0.395758 5.580525e-06
0.3995164 5.569464e-06
0.3988032 5.564531e-06
0.3980946 5.582233e-06
0.3987949 5.640123e-06
0.3968007 5.611649e-06
0.3946983 5.649003e-06
0.395659 5.643415e-06
0.3967117 5.654058e-06
0.3972165 5.656598e-06
0.3951716 5.654812e-06
0.3954274 5.623204e-06
0.3919355 5.60136e-06
0.3961819 5.585503e-06
0.3947497 5.596488e-06
0.4006327 5.566032e-06
0.4026521 5.587115e-06
0.4056373 5.587148e-06
0.400836 5.587789e-06
0.3998312 5.569293e-06
0.3981763 5.554131e-06
0.3993265 5.532811e-06
0.4053199 5.530171e-06
0.4070642 5.53322e-06
0.4071525 5.539699e-06
0.4082917 5.556628e-06
0.4065897 5.562576e-06
0.4078836 5.562906e-06
0.4077984 5.557398e-06
0.4090309 5.58217e-06
0.4118213 5.602361e-06
0.4114644 5.613883e-06
0.4123617 5.645182e-06
0.4109981 5.646826e-06
0.4160476 5.633375e-06
0.4203381 5.644634e-06
0.4218055 5.672828e-06
0.4206203 5.674394e-06
0.4205027 5.693207e-06
0.4216713 5.682694e-06
0.4206488 5.699535e-06
0.4210144 5.707103e-06
0.4210589 5.697314e-06
0.4222701 5.688843e-06
0.4238911 5.6816e-06
0.4270567 5.695823e-06
0.4266019 5.704732e-06
0.4282105 5.711005e-06
0.4264241 5.752534e-06
0.4238184 5.775437e-06
0.4250584 5.773733e-06
0.4281886 5.774914e-06
0.4259303 5.776344e-06
0.4238302 5.753627e-06
0.4202191 5.734672e-06
0.4204961 5.72271e-06
0.4196496 5.721251e-06
0.424416 5.711577e-06
0.4267263 5.682443e-06
0.4273233 5.688826e-06
0.4289461 5.682064e-06
0.4304596 5.707663e-06
0.4324891 5.714277e-06
0.4327447 5.689735e-06
0.4308409 5.70795e-06
0.4296584 5.68616e-06
0.4303081 5.685199e-06
0.4347771 5.658445e-06
0.427341 5.623599e-06
0.425228 5.62842e-06
0.425701 5.645851e-06
0.4260588 5.639417e-06
0.4235289 5.676487e-06
0.4238129 5.701633e-06
0.4257484 5.696322e-06
0.421966 5.688113e-06
0.4229289 5.681412e-06
0.4271676 5.674968e-06
0.4221571 5.698545e-06
0.4203863 5.721326e-06
0.4181898 5.721095e-06
0.4156322 5.710771e-06
0.4145712 5.738431e-06
0.4158821 5.741597e-06
0.4172477 5.749667e-06
0.4168034 5.790865e-06
0.4137005 5.809688e-06
0.4165405 5.794959e-06
0.4153469 5.78529e-06
0.4120904 5.798954e-06
0.4097516 5.784582e-06
0.4089389 5.783151e-06
0.4141179 5.775557e-06
0.4145968 5.78557e-06
0.4131829 5.78502e-06
0.4102807 5.7517e-06
0.4127855 5.745565e-06
0.4152493 5.732243e-06
0.4094378 5.698677e-06
0.4100955 5.714434e-06
0.4074948 5.718593e-06
0.404399 5.735912e-06
0.4038013 5.746593e-06
0.4035149 5.72648e-06
0.400854 5.713124e-06
0.4005003 5.729037e-06
0.39655 5.729843e-06
0.3967143 5.725602e-06
0.391804 5.753196e-06
0.3976364 5.723847e-06
0.4003548 5.722443e-06
0.3989453 5.758224e-06
0.3968873 5.712346e-06
0.3969589 5.71141e-06
0.3926116 5.719366e-06
0.3946651 5.721653e-06
0.4002191 5.684141e-06
0.3999806 5.673992e-06
0.3977776 5.700585e-06
0.3943834 5.661334e-06
0.3891234 5.671689e-06
0.3909318 5.671791e-06
0.3925837 5.64563e-06
0.3909684 5.666761e-06
0.3905952 5.663246e-06
0.3941639 5.679247e-06
0.3937046 5.638813e-06
0.3947463 5.645471e-06
0.3995296 5.652501e-06
0.3990918 5.647625e-06
0.3990867 5.627001e-06
0.397028 5.630725e-06
0.3984665 5.633844e-06
0.3946828 5.656731e-06
0.3934819 5.654561e-06
0.3916439 5.633809e-06
0.3897761 5.612127e-06
0.3839693 5.616617e-06
0.3849089 5.620875e-06
0.3868014 5.620856e-06
0.3843965 5.611497e-06
0.3853713 5.576608e-06
0.3856569 5.568367e-06
0.3839742 5.553566e-06
0.3872547 5.570223e-06
0.3898869 5.531444e-06
0.39057 5.548814e-06
0.396085 5.565999e-06
0.4001704 5.606169e-06
0.4005277 5.604116e-06
0.4013281 5.659721e-06
0.4071917 5.651652e-06
0.4063808 5.647171e-06
0.4119417 5.689968e-06
0.4118321 5.679348e-06
0.4125804 5.675076e-06
0.4147569 5.675941e-06
0.4148494 5.663432e-06
0.4151161 5.670543e-06
0.4180923 5.709223e-06
0.4211773 5.708547e-06
0.4216819 5.718988e-06
0.4225195 5.694451e-06
0.418533 5.699822e-06
0.4191123 5.734086e-06
0.4201636 5.787761e-06
0.4232848 5.79783e-06
0.4249777 5.817558e-06
0.4225072 5.830403e-06
0.4173377 5.794877e-06
0.4188041 5.782588e-06
0.4186049 5.777946e-06
0.4204076 5.770264e-06
0.4192182 5.799276e-06
0.4195848 5.796162e-06
0.416453 5.758602e-06
0.4139671 5.77589e-06
0.417045 5.789958e-06
0.4145764 5.760241e-06
0.4166198 5.785089e-06
0.4100391 5.784245e-06
0.4058751 5.806089e-06
0.4038479 5.788489e-06
0.4031132 5.782143e-06
0.4063954 5.786584e-06
0.4032618 5.75099e-06
0.4019439 5.732953e-06
0.3995616 5.69302e-06
0.4017895 5.726762e-06
0.400341 5.709287e-06
0.4013875 5.721881e-06
0.3999396 5.733952e-06
0.3983773 5.734484e-06
0.3964573 5.726028e-06
0.3902005 5.698555e-06
0.3873143 5.715706e-06
0.3836024 5.721113e-06
0.3808364 5.744423e-06
0.3774688 5.723139e-06
0.3732102 5.756604e-06
0.3712212 5.738205e-06
0.3708162 5.738526e-06
0.3700484 5.756017e-06
0.3713753 5.763047e-06
0.37209 5.751073e-06
0.3741931 5.742643e-06
0.3721461 5.748657e-06
0.3792851 5.725915e-06
0.3809838 5.730741e-06
0.3863296 5.714576e-06
0.3843241 5.703647e-06
0.3843272 5.687652e-06
0.3879187 5.695401e-06
0.3907274 5.699985e-06
0.3872585 5.675487e-06
0.3860153 5.686328e-06
0.3892026 5.687887e-06
0.3902486 5.639714e-06
0.3807408 5.639672e-06
0.3805109 5.656203e-06
0.3788663 5.665198e-06
0.3781698 5.677017e-06
0.3764986 5.695538e-06
0.3767233 5.700484e-06
0.380832 5.709471e-06
0.3859912 5.690863e-06
0.3831838 5.658286e-06
0.3821492 5.678517e-06
0.3823244 5.649378e-06
0.3826348 5.630346e-06
0.3869454 5.618182e-06
0.3847761 5.602467e-06
0.38814 5.610369e-06
0.3908387 5.598759e-06
0.3902235 5.562409e-06
0.3902894 5.56078e-06
0.3876917 5.556792e-06
0.3899378 5.551748e-06
0.3882964 5.560997e-06
0.3917353 5.544008e-06
0.3934563 5.510271e-06
0.3967648 5.518105e-06
0.3950882 5.533084e-06
0.3931636 5.566321e-06
0.3921816 5.587186e-06
0.3898182 5.613526e-06
0.3873027 5.614057e-06
0.3878194 5.633236e-06
0.3898033 5.621059e-06
0.3896509 5.637442e-06
0.386009 5.647907e-06
0.389059 5.641554e-06
0.3848688 5.650167e-06
0.386851 5.616147e-06
0.3867877 5.614959e-06
0.3862769 5.606143e-06
0.3831046 5.606556e-06
0.3848842 5.596453e-06
0.3833333 5.55664e-06
0.3837964 5.556578e-06
0.3867051 5.533765e-06
0.3862823 5.522432e-06
0.3861391 5.547486e-06
0.3796734 5.551589e-06
0.3790566 5.579192e-06
0.3818826 5.598267e-06
0.382261 5.595223e-06
0.3791028 5.611673e-06
0.3795426 5.581928e-06
0.3802315 5.590444e-06
0.3772573 5.604358e-06
0.3757644 5.638902e-06
0.3743633 5.63921e-06
0.3714703 5.592429e-06
0.3760246 5.621056e-06
0.3792876 5.625199e-06
0.3794542 5.60145e-06
0.3778402 5.58957e-06
0.3808631 5.645065e-06
0.380692 5.646435e-06
0.3834227 5.661942e-06
0.3789883 5.637965e-06
0.3744612 5.638451e-06
0.3773908 5.650613e-06
0.3754202 5.635612e-06
0.3733791 5.640659e-06
0.3779438 5.617996e-06
0.3761893 5.619558e-06
0.374311 5.629679e-06
0.3712175 5.633575e-06
0.3688781 5.630561e-06
0.3678807 5.6138e-06
0.3675641 5.63077e-06
0.370841 5.630992e-06
0.372309 5.636421e-06
0.3715354 5.647568e-06
0.3719741 5.656094e-06
0.3722313 5.65785e-06
0.3752703 5.637356e-06
0.3742397 5.615124e-06
0.3770929 5.599403e-06
0.3745666 5.59467e-06
0.3802039 5.591539e-06
0.3776842 5.590629e-06
0.3781982 5.584149e-06
0.3752214 5.577533e-06
0.3781651 5.575445e-06
0.3740866 5.577254e-06
0.378163 5.600543e-06
0.3769864 5.600716e-06
0.3801398 5.571114e-06
0.3826348 5.572899e-06
0.3838304 5.562608e-06
0.3803852 5.561692e-06
0.3759419 5.535166e-06
0.3757289 5.525188e-06
0.3795163 5.48687e-06
0.3783125 5.501071e-06
0.3793649 5.459737e-06
0.3776576 5.445785e-06
0.378306 5.407967e-06
0.3819097 5.431218e-06
0.3791017 5.48006e-06
0.3783172 5.496178e-06
0.3852534 5.515982e-06
0.3887769 5.476882e-06
0.3889344 5.500401e-06
0.3923861 5.506364e-06
0.3939433 5.497718e-06
0.392843 5.518816e-06
0.3942359 5.553445e-06
0.3994882 5.523846e-06
0.4027872 5.520694e-06
0.4030043 5.510955e-06
0.4025443 5.53073e-06
0.4023971 5.524088e-06
0.4035976 5.512535e-06
0.3998875 5.495052e-06
0.4009349 5.460847e-06
0.4018224 5.454376e-06
0.4003424 5.425161e-06
0.3989253 5.437981e-06
0.3981588 5.483679e-06
0.402586 5.480396e-06
0.4054387 5.470698e-06
0.4101432 5.477095e-06
0.4111775 5.504393e-06
0.4127545 5.488058e-06
0.4105772 5.452806e-06
0.4110488 5.431281e-06
0.4142537 5.382872e-06
0.4167882 5.374979e-06
0.4201316 5.345552e-06
0.4241045 5.35389e-06
0.4198488 5.3293e-06
0.421251 5.320418e-06
0.4186866 5.308902e-06
0.4176721 5.285615e-06
0.4182033 5.269477e-06
0.4154838 5.271972e-06
0.4167494 5.275974e-06
0.4151637 5.289673e-06
0.4159659 5.310345e-06
0.4170989 5.327899e-06
0.4192026 5.366697e-06
0.4160946 5.369051e-06
0.4186373 5.345742e-06
0.4178883 5.353723e-06
0.4165439 5.353087e-06
0.416751 5.393708e-06
0.4177257 5.388746e-06
0.4174072 5.401316e-06
0.4157013 5.410713e-06
0.4209754 5.423972e-06
0.4242325 5.401109e-06
0.4238453 5.386031e-06
0.4238899 5.402564e-06
0.4239335 5.383893e-06
0.4252824 5.349149e-06
0.4244298 5.360971e-06
0.4269098 5.358095e-06
0.4328205 5.367139e-06
0.4342249 5.391112e-06
0.4356129 5.376041e-06
0.4389547 5.385143e-06
0.4437545 5.384164e-06
0.4409931 5.381745e-06
0.4376611 5.348326e-06
0.4381473 5.339039e-06
0.4384278 5.349112e-06
0.4414735 5.332698e-06
0.4423327 5.329777e-06
0.4417667 5.370707e-06
0.4431306 5.346888e-06
0.441744 5.346787e-06
0.4384734 5.345298e-06
0.4378425 5.379516e-06
0.4370306 5.359625e-06
0.4401036 5.389666e-06
0.4449629 5.407725e-06
0.4501691 5.384862e-06
0.4538194 5.364635e-06
0.4536491 5.40476e-06
0.4570863 5.38883e-06
0.4631772 5.349566e-06
0.465031 5.327711e-06
0.4672654 5.335542e-06
0.4661893 5.368388e-06
0.4687309 5.362152e-06
0.4671633 5.398774e-06
0.4653348 5.407945e-06
0.4653697 5.387909e-06
0.4643552 5.402928e-06
0.4655364 5.413339e-06
0.4682368 5.426263e-06
0.4670309 5.43426e-06
0.4650859 5.453667e-06
0.4640973 5.460858e-06
0.4651386 5.448524e-06
0.467386 5.451387e-06
0.4686492 5.438893e-06
0.4681251 5.453857e-06
0.4692924 5.470457e-06
0.4689806 5.477476e-06
0.4703119 5.44544e-06
0.4714744 5.456648e-06
0.4740511 5.464751e-06
0.4663915 5.473408e-06
0.4671625 5.455717e-06
0.4654324 5.489245e-06
0.4651979 5.481201e-06
0.4659896 5.471758e-06
0.4641071 5.494832e-06
0.4595301 5.472874e-06
0.4569696 5.485755e-06
0.4552955 5.464562e-06
0.458573 5.447033e-06
0.4568537 5.474033e-06
0.4596428 5.511992e-06
0.4610699 5.516131e-06
0.4620637 5.519328e-06
0.4646243 5.501741e-06
0.4666795 5.521352e-06
0.4623406 5.530488e-06
0.4657401 5.510682e-06
0.4704901 5.506215e-06
0.4737279 5.515347e-06
0.4711435 5.497339e-06
0.4693459 5.516703e-06
0.4704883 5.516524e-06
0.4697802 5.519072e-06
0.4666379 5.504249e-06
0.472056 5.501708e-06
0.4713318 5.500326e-06
0.4709529 5.521909e-06
0.4694127 5.493198e-06
0.4701617 5.50532e-06
0.4688149 5.529971e-06
0.4663507 5.501557e-06
0.4643878 5.496323e-06
0.4661607 5.491239e-06
0.4673746 5.461127e-06
0.4680892 5.513043e-06
0.4724031 5.508124e-06
0.4725905 5.543366e-06
0.4748129 5.519158e-06
0.4749182 5.468665e-06
0.4774089 5.478323e-06
0.4759182 5.497063e-06
0.4783739 5.482882e-06
0.480685 5.541008e-06
0.4828424 5.556996e-06
0.4813582 5.564455e-06
0.4831498 5.566016e-06
0.4861739 5.551014e-06
0.4878638 5.575277e-06
0.4795525 5.565388e-06
0.4853678 5.59824e-06
0.4832753 5.600489e-06
0.4834174 5.631848e-06
0.4799722 5.599783e-06
0.4811463 5.562838e-06
0.476918 5.563592e-06
0.4765102 5.565274e-06
0.4736671 5.580763e-06
0.4750708 5.589527e-06
0.4766764 5.611451e-06
0.4754386 5.58632e-06
0.4724143 5.547579e-06
0.4727891 5.556864e-06
0.4716697 5.564525e-06
0.4748798 5.566737e-06
0.4727881 5.537298e-06
0.472665 5.52838e-06
0.4702328 5.533515e-06
0.4663813 5.533077e-06
0.4709524 5.556161e-06
0.4757712 5.562813e-06
0.4762222 5.59583e-06
0.4729134 5.598682e-06
0.4741945 5.589179e-06
0.4738653 5.604282e-06
0.473345 5.617918e-06
0.4710496 5.683198e-06
0.4735526 5.651022e-06
0.4749402 5.655986e-06
0.4733681 5.636593e-06
0.4714206 5.646587e-06
0.4695264 5.656482e-06
0.4691784 5.662646e-06
0.470916 5.66935e-06
0.4701061 5.658623e-06
0.468635 5.67982e-06
0.4657894 5.677012e-06
0.4683139 5.702743e-06
0.4665553 5.714721e-06
0.4664401 5.697109e-06
0.4717377 5.686186e-06
0.4704636 5.68409e-06
0.4709958 5.692188e-06
0.4709519 5.688071e-06
0.4697437 5.665662e-06
0.4679704 5.661527e-06
0.468843 5.64753e-06
0.4709879 5.649825e-06
0.4707933 5.644563e-06
0.469676 5.664344e-06
0.4732836 5.689793e-06
0.4741538 5.689286e-06
0.4729519 5.65971e-06
0.4773097 5.675656e-06
0.4823798 5.66302e-06
0.4810124 5.679332e-06
0.4790376 5.688409e-06
0.4793959 5.663984e-06
0.4814367 5.64958e-06
0.4788948 5.650844e-06
0.479916 5.603927e-06
0.4810673 5.582789e-06
0.4835164 5.578503e-06
0.4845393 5.579121e-06
0.4820626 5.566561e-06
0.4808379 5.58879e-06
0.481124 5.606744e-06
0.4846793 5.61887e-06
0.4816113 5.583538e-06
0.482155 5.571125e-06
0.4803373 5.601265e-06
0.4769646 5.609534e-06
0.4798619 5.598444e-06
0.4814656 5.581201e-06
0.4829943 5.563048e-06
0.4822871 5.52452e-06
0.4829746 5.518788e-06
0.4803941 5.523547e-06
0.4793925 5.536949e-06
0.4808745 5.567912e-06
0.4788353 5.540043e-06
0.4742467 5.524595e-06
0.4755276 5.532719e-06
0.4737411 5.53731e-06
0.469195 5.52875e-06
0.4625124 5.521092e-06
0.462944 5.519143e-06
0.4673954 5.527401e-06
0.4742907 5.53396e-06
0.4765465 5.546811e-06
0.4782597 5.53805e-06
0.4766396 5.519324e-06
0.4754171 5.514629e-06
0.47245 5.529058e-06
0.4712072 5.566243e-06
0.4715486 5.555199e-06
0.471253 5.587405e-06
0.4727179 5.563432e-06
0.4781669 5.526114e-06
0.4835123 5.559888e-06
0.4816352 5.552418e-06
0.4798936 5.594217e-06
0.4782273 5.567764e-06
0.4805139 5.587682e-06
0.4817499 5.577017e-06
0.4772607 5.609157e-06
0.4823762 5.571794e-06
0.4825029 5.615446e-06
0.4857959 5.659704e-06
0.4875653 5.683751e-06
0.4895711 5.672304e-06
0.4901948 5.677284e-06
0.4994706 5.713153e-06
0.503432 5.7305e-06
0.5021963 5.75623e-06
0.5026283 5.736343e-06
0.5012582 5.755363e-06
0.5038866 5.757025e-06
0.5055456 5.732741e-06
0.5051663 5.696732e-06
0.503689 5.718713e-06
0.4976079 5.727564e-06
0.4995843 5.707228e-06
0.4965712 5.697607e-06
0.4959435 5.657413e-06
0.4937779 5.666485e-06
0.49475 5.675388e-06
0.4957531 5.692424e-06
0.4967845 5.700184e-06
0.4964251 5.688986e-06
0.4942427 5.670348e-06
0.4881719 5.645767e-06
0.4855234 5.654622e-06
0.4874002 5.617119e-06
0.4907922 5.613093e-06
0.4890859 5.579267e-06
0.4946765 5.606206e-06
0.4960879 5.599406e-06
0.495509 5.588438e-06
0.4933247 5.61566e-06
0.4995707 5.599265e-06
0.498337 5.592788e-06
0.4923135 5.595227e-06
0.4851267 5.592768e-06
0.4880688 5.584897e-06
0.4919691 5.595897e-06
0.4908316 5.593926e-06
0.4881793 5.592962e-06
0.4871954 5.583472e-06
0.4858035 5.595021e-06
0.4846452 5.590251e-06
0.4876281 5.622897e-06
0.4865368 5.612097e-06
0.4887451 5.59783e-06
0.486317 5.585765e-06
0.4784472 5.554614e-06
0.4760936 5.556742e-06
0.4718867 5.537926e-06
0.4694918 5.506569e-06
0.4702599 5.492901e-06
0.4717273 5.475647e-06
0.4721057 5.445941e-06
0.4738174 5.442127e-06
0.4712872 5.420407e-06
0.4668911 5.454646e-06
0.4685853 5.48666e-06
0.4717781 5.481025e-06
0.4740259 5.465991e-06
0.4716079 5.461509e-06
0.4723318 5.483867e-06
0.4777389 5.472538e-06
0.4802403 5.468531e-06
0.4816834 5.488237e-06
0.4839584 5.50603e-06
0.4749492 5.514753e-06
0.4749733 5.501205e-06
0.4734639 5.500917e-06
0.4756268 5.473031e-06
0.4770854 5.485213e-06
0.4722735 5.503096e-06
0.4700384 5.532783e-06
0.4684903 5.522055e-06
0.4702565 5.524308e-06
0.4665141 5.517284e-06
0.4673143 5.550969e-06
0.4681798 5.528228e-06
0.4766367 5.53247e-06
0.4784648 5.588182e-06
0.483822 5.582784e-06
0.4864972 5.581474e-06
0.4859896 5.571409e-06
0.4821888 5.581857e-06
0.4865868 5.581172e-06
0.4861051 5.565229e-06
0.4850214 5.531914e-06
0.4865393 5.522902e-06
0.4834165 5.54185e-06
0.4809567 5.554125e-06
0.4759639 5.539404e-06
0.4741228 5.53007e-06
0.4686881 5.543682e-06
0.4707322 5.500889e-06
0.473934 5.481467e-06
0.4738628 5.461838e-06
0.474263 5.452567e-06
0.4761272 5.445793e-06
0.4747581 5.444321e-06
0.471784 5.448802e-06
0.4703779 5.470758e-06
0.468485 5.460444e-06
0.4614681 5.468886e-06
0.4632124 5.491176e-06
0.4613487 5.481283e-06
0.4645657 5.511241e-06
0.461773 5.516485e-06
0.4605139 5.514979e-06
0.4628472 5.481015e-06
0.4666134 5.496288e-06
0.4642162 5.482486e-06
0.4658174 5.478769e-06
0.4681911 5.481563e-06
0.469072 5.505408e-06
0.4713894 5.531779e-06
0.4706593 5.520123e-06
0.46672 5.516193e-06
0.4692903 5.525224e-06
0.4702546 5.509958e-06
0.4710959 5.508301e-06
0.4742699 5.497194e-06
0.4735082 5.502728e-06
0.47438 5.494893e-06
0.4772483 5.503508e-06
0.4746535 5.487511e-06
0.4732178 5.500452e-06
0.4714166 5.481458e-06
0.4721167 5.495856e-06
0.4740543 5.506947e-06
0.4719837 5.506594e-06
0.4703542 5.463122e-06
0.4742435 5.447365e-06
0.4763961 5.446296e-06
0.4736072 5.4251e-06
0.4773233 5.441593e-06
0.4803502 5.448123e-06
0.4757357 5.428529e-06
0.4729343 5.435204e-06
0.4774072 5.449754e-06
0.4794699 5.445303e-06
0.4762931 5.427897e-06
0.4757051 5.42935e-06
0.4732361 5.418258e-06
0.478908 5.467074e-06
0.4784774 5.465785e-06
0.4787185 5.47344e-06
0.4725712 5.413372e-06
0.4687243 5.431544e-06
0.469144 5.472744e-06
0.468155 5.445061e-06
0.4727496 5.436667e-06
0.4707713 5.421931e-06
0.4740596 5.432484e-06
0.4740002 5.444728e-06
0.4727013 5.443538e-06
0.4795547 5.44948e-06
0.4828158 5.441567e-06
0.4821008 5.435594e-06
0.4791958 5.434527e-06
0.4808945 5.421435e-06
0.4851819 5.44496e-06
0.4825651 5.453295e-06
0.4814295 5.493612e-06
0.4798191 5.505943e-06
0.4819407 5.519861e-06
0.4768331 5.498452e-06
0.4781519 5.495406e-06
0.4759695 5.545446e-06
0.4785471 5.544065e-06
0.4799227 5.512533e-06
0.4770491 5.487788e-06
0.4748013 5.477534e-06
0.4748619 5.479473e-06
0.4798406 5.489868e-06
0.480178 5.508473e-06
0.4807095 5.499504e-06
0.4787886 5.514566e-06
0.4785747 5.484798e-06
0.4806405 5.489556e-06
0.4761407 5.489685e-06
0.4748274 5.485661e-06
0.4750321 5.476441e-06
0.4747766 5.519851e-06
0.4780507 5.519095e-06
0.4805845 5.475553e-06
0.4798048 5.506346e-06
0.4758592 5.544319e-06
0.4765686 5.563615e-06
0.4756204 5.559239e-06
0.4750121 5.54796e-06
0.4751314 5.540344e-06
0.472127 5.51125e-06
0.4673916 5.517634e-06
0.4704661 5.556535e-06
0.4704111 5.58335e-06
0.4715716 5.562549e-06
0.4701312 5.552553e-06
0.4717825 5.578572e-06
0.4688801 5.576525e-06
0.4686376 5.559461e-06
0.4662298 5.580413e-06
0.468713 5.566628e-06
0.4685997 5.564311e-06
0.4684897 5.570711e-06
0.4726333 5.576082e-06
0.4721742 5.538145e-06
0.4740305 5.516939e-06
0.4756386 5.512635e-06
0.4751713 5.502369e-06
0.4773765 5.522262e-06
0.482781 5.499321e-06
0.4851655 5.515268e-06
0.487488 5.521692e-06
0.4887266 5.546361e-06
0.4849989 5.553348e-06
0.4867745 5.565081e-06
0.4890804 5.558086e-06
0.4903628 5.5499e-06
0.490421 5.49523e-06
0.4901206 5.495411e-06
0.4850483 5.508248e-06
0.4845678 5.518403e-06
0.4846069 5.529154e-06
0.4829824 5.529319e-06
0.4863135 5.567561e-06
0.4855003 5.54698e-06
0.4816432 5.546248e-06
0.4820565 5.51491e-06
0.4805242 5.510155e-06
0.4814676 5.520472e-06
0.4810429 5.541871e-06
0.4859669 5.574118e-06
0.4845101 5.56922e-06
0.4881534 5.552979e-06
0.487438 5.556137e-06
0.4892678 5.55505e-06
0.4881687 5.558283e-06
0.4900951 5.533994e-06
0.4887262 5.534374e-06
0.4854102 5.55936e-06
0.4882922 5.585976e-06
0.4893949 5.573586e-06
0.4899963 5.550981e-06
0.4905147 5.528837e-06
0.4905325 5.52209e-06
0.4886535 5.516249e-06
0.4915362 5.513037e-06
0.4843067 5.516782e-06
0.4812211 5.487651e-06
0.4836737 5.519698e-06
0.4889279 5.497525e-06
0.490094 5.475996e-06
0.4870185 5.497288e-06
0.4905921 5.476847e-06
0.494637 5.463192e-06
0.4893757 5.507721e-06
0.4898054 5.467089e-06
0.4924351 5.469014e-06
0.4908386 5.445672e-06
0.4915987 5.445006e-06
0.4949358 5.450867e-06
0.4970876 5.46412e-06
0.4942714 5.450657e-06
0.4888099 5.46608e-06
0.489119 5.490151e-06
0.488898 5.500912e-06
0.4887485 5.513819e-06
0.492332 5.525916e-06
0.4913388 5.531603e-06
0.4890756 5.549066e-06
0.4880852 5.535298e-06
0.4900744 5.561309e-06
0.4865447 5.540915e-06
0.4911063 5.523759e-06
0.4946635 5.53697e-06
0.4964117 5.557292e-06
0.492231 5.551095e-06
0.490461 5.526202e-06
0.4842238 5.54262e-06
0.4886769 5.525632e-06
0.4860829 5.480534e-06
0.486784 5.48628e-06
0.4890834 5.495368e-06
0.4873939 5.455079e-06
0.4879779 5.475037e-06
0.4877212 5.46672e-06
0.4897165 5.448136e-06
0.4920242 5.482261e-06
0.494437 5.504489e-06
0.4965651 5.494649e-06
0.4946843 5.459724e-06
0.5001976 5.462428e-06
0.5004982 5.441544e-06
0.5034652 5.42024e-06
0.4987212 5.392415e-06
0.5025353 5.408537e-06
0.5035801 5.423002e-06
0.5026437 5.40745e-06
0.5004656 5.409084e-06
0.5034727 5.393293e-06
0.5087689 5.380954e-06
0.5120164 5.388879e-06
0.5101569 5.400207e-06
0.5099067 5.407701e-06
0.5067644 5.384492e-06
0.5067896 5.375285e-06
0.5033048 5.388253e-06
0.5019084 5.374622e-06
0.5014954 5.41847e-06
0.5027426 5.389495e-06
0.5051862 5.437844e-06
0.5031605 5.416517e-06
0.5062106 5.420803e-06
0.511145 5.405125e-06
0.5071406 5.427182e-06
0.5098591 5.431424e-06
0.5080865 5.418271e-06
0.5092393 5.447244e-06
0.5093554 5.441778e-06
0.5064404 5.444774e-06
0.506641 5.436177e-06
0.5038531 5.423554e-06
0.5032155 5.425883e-06
0.5061179 5.420393e-06
0.5075923 5.402913e-06
0.5042816 5.405865e-06
0.5055428 5.397282e-06
0.5000129 5.372614e-06
0.5027819 5.398601e-06
0.5046056 5.414983e-06
0.5032115 5.431549e-06
0.5071282 5.420164e-06
0.5103425 5.403699e-06
0.5070355 5.397009e-06
0.5085142 5.369336e-06
0.5067505 5.35566e-06
0.5060379 5.337977e-06
0.502387 5.344496e-06
0.5055367 5.331162e-06
0.5094314 5.324572e-06
0.509227 5.338911e-06
0.5133135 5.326428e-06
0.5164033 5.339981e-06
0.5139716 5.349923e-06
0.5111114 5.311563e-06
0.5170418 5.296052e-06
0.5211644 5.31901e-06
0.523865 5.302654e-06
0.5224707 5.306264e-06
0.5242792 5.338472e-06
0.5238986 5.350729e-06
0.5240064 5.340457e-06
0.5274146 5.372226e-06
0.5261876 5.397637e-06
0.5323857 5.405438e-06
0.527997 5.353662e-06
0.5228768 5.322578e-06
0.5187195 5.329605e-06
0.5201824 5.317271e-06
0.5197444 5.328606e-06
0.5186526 5.340649e-06
0.522509 5.335e-06
0.5244612 5.336712e-06
0.5248384 5.332616e-06
0.5284103 5.363734e-06
0.5286819 5.36556e-06
0.5261189 5.357723e-06
0.5294033 5.353977e-06
0.5253152 5.34335e-06
0.5285521 5.335274e-06
0.5259421 5.30753e-06
0.5266001 5.300731e-06
0.5275968 5.274701e-06
0.5288557 5.240183e-06
0.5285815 5.235259e-06
0.5286144 5.204332e-06
0.530287 5.194126e-06
0.5344558 5.182132e-06
0.5382908 5.20725e-06
0.5422146 5.214985e-06
0.5380568 5.217811e-06
0.5319798 5.215763e-06
0.5324307 5.216443e-06
0.5350873 5.197875e-06
0.5360115 5.196154e-06
0.5316546 5.181966e-06
0.535396 5.194599e-06
0.5347458 5.198212e-06
0.5312721 5.219638e-06
0.5353358 5.210442e-06
0.534069 5.18283e-06
0.5272781 5.148591e-06
0.525344 5.155552e-06
0.5215237 5.155069e-06
0.5219044 5.137717e-06
0.5165167 5.128433e-06
0.5155781 5.107674e-06
0.5185158 5.119289e-06
0.5177809 5.133706e-06
0.5195056 5.14593e-06
0.5198324 5.159037e-06
0.5162439 5.167834e-06
0.5190709 5.155364e-06
0.5212831 5.1354e-06
0.5261946 5.153833e-06
0.5279949 5.171816e-06
0.5297067 5.174829e-06
0.5240726 5.214542e-06
0.519134 5.214825e-06
0.5174517 5.200005e-06
0.5178859 5.188572e-06
0.5194013 5.197537e-06
0.5191046 5.168727e-06
0.521992 5.172922e-06
0.5184583 5.171505e-06
0.5179848 5.123076e-06
0.5204223 5.159412e-06
0.5206962 5.190367e-06
0.5252356 5.161465e-06
0.5267211 5.123653e-06
0.5327642 5.152284e-06
0.5331135 5.151763e-06
0.5364293 5.187463e-06
0.5311541 5.183843e-06
0.5257947 5.189125e-06
0.5246013 5.181444e-06
0.5277848 5.167099e-06
0.5265206 5.209002e-06
0.5270503 5.213762e-06
0.5268066 5.198064e-06
0.5283693 5.189473e-06
0.5323465 5.174203e-06
0.530707 5.169154e-06
0.5281538 5.144046e-06
0.5315913 5.122624e-06
0.5362303 5.100883e-06
0.5304067 5.085884e-06
0.529532 5.096326e-06
0.5267349 5.1027e-06
0.5284572 5.083007e-06
0.5271335 5.10469e-06
0.5301142 5.098518e-06
0.5302469 5.097748e-06
0.5256119 5.072452e-06
0.5285849 5.058291e-06
0.5310478 5.061844e-06
0.5330486 5.069729e-06
0.5307159 5.012473e-06
0.5265 5.01873e-06
0.5283911 5.040457e-06
0.5280362 5.04951e-06
0.530478 5.046116e-06
0.5318934 5.052327e-06
0.5291664 5.078279e-06
0.5296983 5.061917e-06
0.5252162 5.067258e-06
0.5276192 5.053771e-06
0.5307417 5.06452e-06
0.5239053 5.078246e-06
0.5222881 5.068036e-06
0.5238506 5.044553e-06
0.5236875 5.051495e-06
0.5255853 5.075156e-06
0.5206728 5.082766e-06
0.5180197 5.090227e-06
0.5192992 5.082347e-06
0.5169714 5.114757e-06
0.5176253 5.13495e-06
0.5147336 5.118852e-06
0.5128499 5.105169e-06
0.5123974 5.077865e-06
0.510891 5.113169e-06
0.51043 5.133853e-06
0.5093528 5.13604e-06
0.5173901 5.100981e-06
0.5179536 5.115373e-06
0.5186177 5.138405e-06
0.5166371 5.1171e-06
0.5165361 5.107627e-06
0.5137524 5.095272e-06
0.5162957 5.136434e-06
0.5176898 5.139785e-06
0.5198123 5.144137e-06
0.5156063 5.143386e-06
0.5148746 5.126019e-06
0.51233 5.113371e-06
0.5104178 5.133477e-06
0.5110584 5.148641e-06
0.5101328 5.170841e-06
0.5086704 5.16447e-06
0.5095797 5.169994e-06
0.5059018 5.165447e-06
0.5055163 5.163256e-06
0.5036414 5.170878e-06
0.5079022 5.177687e-06
0.5062333 5.171513e-06
0.5071657 5.194947e-06
0.5122141 5.213617e-06
0.5152577 5.200767e-06
0.5150014 5.191336e-06
0.5173143 5.182102e-06
0.518236 5.190825e-06
0.518461 5.168995e-06
0.5192478 5.149996e-06
0.5229265 5.185681e-06
0.5226963 5.195504e-06
0.5240692 5.180023e-06
0.5227992 5.21595e-06
0.5266113 5.243781e-06
0.525017 5.287912e-06
0.5282034 5.292429e-06
0.5281415 5.285409e-06
0.5266694 5.29235e-06
0.5246669 5.26877e-06
0.5247168 5.246329e-06
0.5272074 5.22663e-06
0.5300861 5.218205e-06
0.5284771 5.239402e-06
0.5299139 5.230018e-06
0.531977 5.231852e-06
0.5263797 5.213049e-06
0.5228825 5.221499e-06
0.5277396 5.222898e-06
0.5270098 5.233963e-06
0.5250672 5.243587e-06
0.5252917 5.25568e-06
0.5282611 5.250208e-06
0.5274187 5.26433e-06
0.5317005 5.256638e-06
0.5245847 5.243074e-06
0.5236461 5.253352e-06
0.522198 5.289078e-06
0.5183821 5.295493e-06
0.5185926 5.302218e-06
0.5198202 5.308731e-06
0.5164916 5.319466e-06
0.5201301 5.303223e-06
0.5256115 5.26948e-06
0.5241753 5.226307e-06
0.5227245 5.215265e-06
0.5249204 5.208975e-06
0.5254391 5.200361e-06
0.5242453 5.172978e-06
0.5251944 5.178494e-06
0.5228108 5.196162e-06
0.5235404 5.186898e-06
0.5279202 5.18828e-06
0.5289847 5.180978e-06
0.5297396 5.196068e-06
0.5256212 5.223021e-06
0.5209355 5.210178e-06
0.5202287 5.193383e-06
0.5169258 5.213061e-06
0.5162499 5.234275e-06
0.5188523 5.219796e-06
0.5169148 5.20924e-06
0.5196007 5.209526e-06
0.5169005 5.213855e-06
0.5206359 5.231092e-06
0.5181315 5.229071e-06
0.5147916 5.240494e-06
0.5131465 5.266746e-06
0.5130039 5.257358e-06
0.5165744 5.26181e-06
0.5154437 5.263047e-06
0.5192349 5.237747e-06
0.5223504 5.253891e-06
0.5273255 5.271724e-06
0.524412 5.251414e-06
0.5304875 5.22086e-06
0.5320762 5.234086e-06
0.5337144 5.239317e-06
0.5325461 5.204791e-06
0.5394136 5.183707e-06
0.5400224 5.216536e-06
0.5347755 5.204604e-06
0.5325635 5.20611e-06
0.5306598 5.202163e-06
0.5303532 5.205735e-06
0.5280114 5.226852e-06
0.5284302 5.236445e-06
0.5296858 5.215007e-06
0.5298522 5.201624e-06
0.532886 5.188322e-06
0.5305376 5.181211e-06
0.5282385 5.173873e-06
0.5334563 5.152635e-06
0.5361691 5.155211e-06
0.5317172 5.172736e-06
0.5380076 5.179237e-06
0.5408296 5.184143e-06
0.5448875 5.193716e-06
0.5451895 5.191419e-06
0.5408222 5.179162e-06
0.5412649 5.220237e-06
0.5394178 5.207893e-06
0.5342088 5.229063e-06
0.5345625 5.234038e-06
0.5359976 5.207449e-06
0.5376937 5.212865e-06
0.5387679 5.235235e-06
0.5403152 5.21218e-06
0.5388592 5.219968e-06
0.533694 5.228098e-06
0.5369482 5.231425e-06
0.5409373 5.226178e-06
0.539197 5.207109e-06
0.539324 5.197356e-06
0.5398452 5.195563e-06
0.5357404 5.213605e-06
0.5373641 5.233426e-06
0.5409957 5.245659e-06
0.541416 5.240119e-06
0.5407829 5.244439e-06
0.5446359 5.243034e-06
0.5482548 5.224354e-06
0.545963 5.241473e-06
0.5452748 5.211746e-06
0.5409353 5.198976e-06
0.539891 5.196572e-06
0.5391552 5.161522e-06
0.5458714 5.146736e-06
0.5447086 5.121261e-06
0.5454169 5.100974e-06
0.5510565 5.080228e-06
0.5528828 5.06814e-06
0.5576111 5.083352e-06
0.5569843 5.075951e-06
0.5621482 5.06879e-06
0.5669305 5.098912e-06
0.5668365 5.115422e-06
0.5639268 5.092888e-06
0.5633041 5.103023e-06
0.558351 5.130266e-06
0.5596097 5.155003e-06
0.5569031 5.110701e-06
0.5595131 5.118705e-06
0.561595 5.119112e-06
0.5596559 5.146573e-06
0.5593311 5.101551e-06
0.5519292 5.089709e-06
0.5489968 5.065034e-06
0.5517781 5.084268e-06
0.5517826 5.082309e-06
0.5515169 5.090482e-06
0.5553151 5.071805e-06
0.556323 5.076774e-06
0.5516525 5.1e-06
0.5563098 5.102102e-06
0.5529972 5.117481e-06
0.5578654 5.117229e-06
0.5599136 5.108177e-06
0.555854 5.089665e-06
0.5568698 5.079288e-06
0.5604075 5.081839e-06
0.5573884 5.058008e-06
0.5553492 5.04355e-06
0.5479999 5.067422e-06
0.5462602 5.074066e-06
0.5443576 5.077887e-06
0.5471712 5.080698e-06
0.5470325 5.074517e-06
0.5464152 5.071197e-06
0.5430771 5.057703e-06
0.5451194 5.074477e-06
0.5439002 5.075243e-06
0.5430716 5.072169e-06
0.537583 5.084367e-06
0.537539 5.075285e-06
0.5351808 5.05163e-06
0.5335138 5.049394e-06
0.5295615 5.070303e-06
0.5310662 5.041491e-06
0.5236933 5.039897e-06
0.5220745 5.036412e-06
0.519538 5.03142e-06
0.5229572 5.061712e-06
0.5223026 5.061275e-06
0.5264154 5.07612e-06
0.5292313 5.056192e-06
0.5315526 5.079313e-06
0.5313638 5.058817e-06
0.5354007 5.011666e-06
0.5351313 5.013301e-06
0.5328306 5.037655e-06
0.532164 5.037084e-06
0.5346519 5.075342e-06
0.5359693 5.060063e-06
0.5313628 5.050073e-06
0.5344062 5.070069e-06
0.5351671 5.049955e-06
0.5378892 5.06901e-06
0.5444302 5.046305e-06
0.5471003 5.063447e-06
0.5452158 5.065394e-06
0.5391049 5.043109e-06
0.53923 5.028724e-06
0.539605 5.027193e-06
0.5390844 5.02859e-06
0.5330012 4.978665e-06
0.5333928 4.958252e-06
0.5310308 4.975089e-06
0.5282528 4.959189e-06
0.5267297 4.915249e-06
0.5283887 4.93648e-06
0.5283483 4.903607e-06
0.5275489 4.916805e-06
0.5278998 4.92439e-06
0.5301542 4.916913e-06
0.5299729 4.934921e-06
0.532626 4.946556e-06
0.5323737 4.936309e-06
0.535724 4.9353e-06
0.5345432 4.914472e-06
0.5361097 4.924705e-06
0.5324667 4.946354e-06
0.5364844 4.948038e-06
0.5369135 4.96056e-06
0.5351094 4.937088e-06
0.5351359 4.92998e-06
0.5400954 4.930299e-06
0.538862 4.964449e-06
0.537509 4.985044e-06
0.5368464 4.946299e-06
0.5338013 4.955458e-06
0.5343778 5.002642e-06
0.5341794 5.003049e-06
0.5338169 5.027438e-06
0.5331119 5.049994e-06
0.5388644 5.04927e-06
0.5390966 5.029882e-06
0.5380132 5.047476e-06
0.5400828 5.032085e-06
0.5388673 5.031775e-06
0.5389691 5.037287e-06
0.5375827 5.030067e-06
0.5393496 5.034312e-06
0.5355115 4.990603e-06
0.5303937 4.969557e-06
0.5301041 4.966862e-06
0.5275579 4.964272e-06
0.5266434 4.956481e-06
0.5315267 4.954101e-06
0.5326054 4.950453e-06
0.5270962 4.964691e-06
0.5254958 4.95559e-06
0.5278785 4.941905e-06
0.5316893 4.944451e-06
0.5318313 4.917586e-06
0.5287782 4.869805e-06
0.5307491 4.884906e-06
0.5296359 4.899055e-06
0.5268275 4.886913e-06
0.5298217 4.870073e-06
0.5221496 4.877077e-06
0.5225615 4.893182e-06
0.5200164 4.913939e-06
0.5226731 4.919967e-06
0.5220049 4.901553e-06
0.5189884 4.909463e-06
0.5180325 4.898684e-06
0.5217036 4.888895e-06
0.5261449 4.891728e-06
0.5247895 4.894947e-06
0.5242123 4.91574e-06
0.5232501 4.879213e-06
0.5240163 4.872343e-06
0.5249852 4.856434e-06
0.5255426 4.850779e-06
0.5300245 4.865695e-06
0.5290368 4.863044e-06
0.5275061 4.846764e-06
0.5311786 4.812782e-06
0.530169 4.764342e-06
0.5300441 4.797762e-06
0.52891 4.788815e-06
0.5302407 4.78031e-06
0.5276274 4.761031e-06
0.5308587 4.725799e-06
0.5281224 4.750068e-06
0.5270718 4.756966e-06
0.5189886 4.768545e-06
0.5187444 4.768574e-06
0.5264483 4.765713e-06
0.5266183 4.776577e-06
0.5275863 4.780718e-06
0.5314454 4.797233e-06
0.5354298 4.793153e-06
0.5372894 4.813263e-06
0.5415466 4.803563e-06
0.5396906 4.804575e-06
0.5371618 4.804462e-06
0.5358922 4.799126e-06
0.5357151 4.775275e-06
0.5353767 4.801918e-06
0.535257 4.826435e-06
0.5326643 4.808396e-06
0.5360337 4.792824e-06
0.5384438 4.814101e-06
0.5410998 4.845207e-06
0.5416147 4.841241e-06
0.5457444 4.858142e-06
0.5429417 4.839088e-06
0.5393941 4.836145e-06
0.5415307 4.856766e-06
0.5408891 4.839935e-06
0.5439171 4.83248e-06
0.5412817 4.781504e-06
0.5434341 4.787286e-06
0.5398675 4.8041e-06
0.5402392 4.818139e-06
0.5459176 4.801138e-06
0.5423895 4.78855e-06
0.5375794 4.791824e-06
0.5408676 4.76449e-06
0.5395747 4.741436e-06
0.5398309 4.730336e-06
0.5377071 4.757629e-06
0.5390047 4.760812e-06
0.5447548 4.753144e-06
0.5414178 4.711386e-06
0.54384 4.739798e-06
0.5470223 4.741433e-06
0.5486219 4.747679e-06
0.5519277 4.769312e-06
0.551646 4.767458e-06
0.5489511 4.792354e-06
0.5524444 4.807978e-06
0.5556778 4.810192e-06
0.5524832 4.788844e-06
0.552056 4.790017e-06
0.552794 4.786953e-06
0.5505052 4.816665e-06
0.5558155 4.795106e-06
0.5552793 4.766538e-06
0.5522954 4.774086e-06
0.5537135 4.762887e-06
0.5519121 4.756188e-06
0.5524758 4.759186e-06
0.5538025 4.758328e-06
0.5529753 4.777957e-06
0.5539867 4.788699e-06
0.5500017 4.806675e-06
0.5414743 4.812434e-06
0.5402972 4.824625e-06
0.5452636 4.832255e-06
0.5434407 4.838005e-06
0.5409877 4.807257e-06
0.5427099 4.787775e-06
0.5453171 4.798128e-06
0.5490373 4.805558e-06
0.5473558 4.810085e-06
0.5445483 4.805084e-06
0.5441301 4.810792e-06
0.5457396 4.815246e-06
0.5424994 4.822707e-06
0.5431335 4.812157e-06
0.5414249 4.766456e-06
0.5356327 4.76689e-06
0.5355551 4.782161e-06
0.5320745 4.783206e-06
0.5313644 4.757144e-06
0.5290697 4.719576e-06
0.5273074 4.703452e-06
0.5241027 4.702355e-06
0.5282205 4.709874e-06
0.5301772 4.688152e-06
0.5292336 4.665448e-06
0.5348492 4.667439e-06
0.5330515 4.666588e-06
0.5304008 4.648818e-06
0.5286585 4.619674e-06
0.528124 4.63168e-06
0.5252527 4.601747e-06
0.5190184 4.603896e-06
0.5224938 4.623833e-06
0.5169122 4.622703e-06
0.515998 4.61659e-06
0.5186891 4.632348e-06
0.5214447 4.626164e-06
0.5212159 4.638174e-06
0.5221661 4.630457e-06
0.5163666 4.627853e-06
0.5179409 4.633073e-06
0.5084451 4.641321e-06
0.5086445 4.623286e-06
0.5089468 4.638276e-06
0.5135809 4.62786e-06
0.5122279 4.61774e-06
0.5164766 4.646594e-06
0.5136502 4.630641e-06
0.5168339 4.614422e-06
0.5126726 4.612376e-06
0.515261 4.619352e-06
0.5111446 4.609549e-06
0.5120309 4.61165e-06
0.511242 4.62249e-06
0.5156107 4.622056e-06
0.520259 4.631246e-06
0.5210427 4.627552e-06
0.5230052 4.624122e-06
0.5256137 4.601174e-06
0.5252329 4.625622e-06
0.5298819 4.616635e-06
0.5330443 4.651079e-06
0.5339898 4.660166e-06
0.5340336 4.664182e-06
0.5241372 4.666533e-06
0.5241712 4.674228e-06
0.5214944 4.689711e-06
0.5238425 4.700409e-06
0.5251315 4.711007e-06
0.5212426 4.701419e-06
0.5223053 4.697086e-06
0.522588 4.722438e-06
0.5198639 4.718039e-06
0.5239366 4.705412e-06
0.5276803 4.702329e-06
0.5304217 4.67744e-06
0.5349703 4.682773e-06
0.5331159 4.686512e-06
0.5310485 4.686445e-06
0.5332646 4.676579e-06
0.5345725 4.663962e-06
0.5343619 4.631149e-06
0.5324185 4.645384e-06
0.5285359 4.654465e-06
0.5210391 4.667683e-06
0.5173466 4.672096e-06
0.511324 4.684909e-06
0.5084433 4.700962e-06
0.5082137 4.695655e-06
0.5080839 4.710144e-06
0.5068778 4.691069e-06
0.5057401 4.647689e-06
0.5063877 4.640818e-06
0.5018028 4.652281e-06
0.5108502 4.652549e-06
0.5138248 4.625853e-06
0.5111838 4.634795e-06
0.5101668 4.623305e-06
0.5071458 4.636498e-06
0.5102297 4.640755e-06
0.5124831 4.64135e-06
0.5092778 4.642596e-06
0.5118777 4.653355e-06
0.5086994 4.663142e-06
0.5075211 4.67074e-06
0.5065032 4.642658e-06
0.5015916 4.627816e-06
0.4980892 4.637976e-06
0.4996847 4.615902e-06
0.5029072 4.62084e-06
0.5018192 4.661169e-06
0.499514 4.665007e-06
0.4957912 4.672083e-06
0.498316 4.635889e-06
0.4963057 4.626185e-06
0.496319 4.631078e-06
0.4999092 4.64342e-06
0.4986638 4.653148e-06
0.5016032 4.668453e-06
0.5012657 4.639095e-06
0.5040646 4.660857e-06
0.5076354 4.662305e-06
0.5058955 4.676713e-06
0.5058765 4.657059e-06
0.5055639 4.670109e-06
0.5055172 4.683776e-06
0.5023645 4.681522e-06
0.5013567 4.68076e-06
0.501565 4.668389e-06
0.5040657 4.632667e-06
0.5021078 4.637801e-06
0.5088105 4.65456e-06
0.509502 4.630921e-06
0.5139689 4.627596e-06
0.5160569 4.646131e-06
0.5138792 4.6318e-06
0.5136407 4.655158e-06
0.5181301 4.702462e-06
0.517887 4.72303e-06
0.5221375 4.726061e-06
0.5248148 4.715682e-06
0.5216818 4.69079e-06
0.5218029 4.701136e-06
0.5210869 4.707178e-06
0.5256825 4.716048e-06
0.5244095 4.727934e-06
0.5214542 4.761616e-06
0.5217849 4.760775e-06
0.5242176 4.752224e-06
0.5254137 4.757769e-06
0.523204 4.772204e-06
0.5213866 4.759995e-06
0.5211394 4.738959e-06
0.5195759 4.727955e-06
0.513073 4.733736e-06
0.5182824 4.737876e-06
0.5200697 4.752633e-06
0.5226701 4.758003e-06
0.5187184 4.738333e-06
0.5180476 4.76797e-06
0.5160619 4.762754e-06
0.5145574 4.748909e-06
0.514261 4.768854e-06
0.5152664 4.761872e-06
0.5211099 4.779963e-06
0.5216414 4.784239e-06
0.5218136 4.785095e-06
0.5183122 4.786387e-06
0.5222596 4.789886e-06
0.5245664 4.789517e-06
0.5205561 4.785556e-06
0.5254422 4.797452e-06
0.5228233 4.775461e-06
0.5260908 4.771373e-06
0.5270041 4.728742e-06
0.5238272 4.701452e-06
0.5256466 4.692777e-06
0.5193624 4.680962e-06
0.518981 4.677499e-06
0.5186239 4.66849e-06
0.5178209 4.660939e-06
0.5142112 4.65576e-06
0.5149294 4.622415e-06
0.5151659 4.615002e-06
0.5195992 4.607327e-06
0.5175095 4.62089e-06
0.520922 4.641341e-06
0.5239229 4.637959e-06
0.5261946 4.643055e-06
0.5262801 4.618989e-06
0.525156 4.60553e-06
0.5232577 4.62785e-06
0.5207417 4.620607e-06
0.5215347 4.630729e-06
0.5265316 4.628121e-06
0.5255928 4.615199e-06
0.5259079 4.615202e-06
0.5279189 4.653585e-06
0.5254191 4.644479e-06
0.5238491 4.637067e-06
0.5224058 4.633711e-06
0.5196915 4.647642e-06
0.5223508 4.652075e-06
0.5278578 4.669811e-06
0.5269748 4.664577e-06
0.5257684 4.681291e-06
0.5261785 4.684758e-06
0.5241913 4.678207e-06
0.524729 4.677063e-06
0.5262528 4.675372e-06
0.528333 4.676936e-06
0.5294716 4.672527e-06
0.5338808 4.673153e-06
0.5383189 4.660548e-06
0.5338085 4.685106e-06
0.5338546 4.675331e-06
0.5402319 4.668146e-06
0.5357326 4.671239e-06
0.5394105 4.695826e-06
0.5383452 4.695176e-06
0.5386146 4.695866e-06
0.5339108 4.703109e-06
0.531522 4.69073e-06
0.5293073 4.675507e-06
0.5357987 4.662463e-06
0.5355974 4.66112e-06
0.5347512 4.66109e-06
0.5310454 4.630529e-06
0.5323897 4.633147e-06
0.5364463 4.639834e-06
0.5301759 4.660316e-06
0.5296613 4.659676e-06
0.5329605 4.657435e-06
0.5349768 4.678192e-06
0.5344599 4.68571e-06
0.5317181 4.677706e-06
0.5278545 4.68108e-06
0.5265397 4.690893e-06
0.529563 4.688307e-06
0.5258118 4.686279e-06
0.5272473 4.697772e-06
0.525291 4.707372e-06
0.5205481 4.740696e-06
0.5267478 4.755429e-06
0.5249308 4.760246e-06
0.5281043 4.784425e-06
0.532105 4.788758e-06
0.5282577 4.792506e-06
0.5284211 4.782436e-06
0.5324571 4.820195e-06
0.5344214 4.817808e-06
0.5320061 4.812375e-06
0.5327852 4.805583e-06
0.5374806 4.792853e-06
0.5422648 4.792473e-06
0.5424428 4.792795e-06
0.5424985 4.778327e-06
0.543506 4.745133e-06
0.5441224 4.741433e-06
0.5443962 4.723641e-06
0.5421733 4.737198e-06
0.5425229 4.759941e-06
0.5405106 4.752062e-06
0.5362919 4.717071e-06
0.5368347 4.742223e-06
0.5378317 4.741142e-06
0.5390377 4.774192e-06
0.5389278 4.776344e-06
0.5395445 4.76195e-06
0.5376353 4.769956e-06
0.5365609 4.747815e-06
0.5384949 4.771483e-06
0.5370979 4.789591e-06
0.5390371 4.82157e-06
0.5318253 4.823996e-06
0.5309156 4.82565e-06
0.535528 4.8073e-06
0.5392356 4.784257e-06
0.5448776 4.80141e-06
0.5392555 4.78793e-06
0.5357046 4.760632e-06
0.5346409 4.779095e-06
0.5330926 4.770963e-06
0.5298108 4.781563e-06
0.5273201 4.776157e-06
0.5283398 4.771861e-06
0.52965 4.796603e-06
0.531819 4.763374e-06
0.5280439 4.787613e-06
0.5316508 4.75546e-06
0.5254965 4.751165e-06
0.5232814 4.745456e-06
0.5224057 4.722027e-06
0.520598 4.728872e-06
0.5181986 4.722204e-06
0.5187789 4.716294e-06
0.5143081 4.697385e-06
0.5133288 4.680459e-06
0.5157639 4.678723e-06
0.5156465 4.657504e-06
0.5168941 4.663793e-06
0.519876 4.660567e-06
0.5208333 4.638303e-06
0.5212906 4.61187e-06
0.5269309 4.594165e-06
0.5236551 4.587417e-06
0.5210321 4.595365e-06
0.5235681 4.606521e-06
0.5262515 4.599839e-06
0.5334094 4.578189e-06
0.5332551 4.567831e-06
0.5333932 4.58997e-06
0.5286333 4.591582e-06
0.5260378 4.596849e-06
0.523763 4.577939e-06
0.5255638 4.581806e-06
0.5282218 4.583156e-06
0.5341995 4.593604e-06
0.536954 4.558123e-06
0.5370127 4.565231e-06
0.5392651 4.56245e-06
0.5406743 4.561671e-06
0.5453559 4.571177e-06
0.5462952 4.567776e-06
0.5464576 4.551538e-06
0.545328 4.561836e-06
0.5462391 4.572247e-06
0.5483313 4.580702e-06
0.5596943 4.580776e-06
0.5565039 4.589654e-06
0.5545689 4.566492e-06
0.5539297 4.559009e-06
0.5595203 4.553539e-06
0.5602203 4.557849e-06
0.5622485 4.544754e-06
0.5635426 4.527509e-06
0.5687883 4.542631e-06
0.5614154 4.527452e-06
0.5603615 4.534007e-06
0.5629795 4.539899e-06
0.5676211 4.55293e-06
0.5632535 4.527711e-06
0.5651035 4.540315e-06
0.5628721 4.511343e-06
0.5629204 4.532002e-06
0.5653452 4.515563e-06
0.5663947 4.523156e-06
0.5630885 4.531908e-06
0.5644084 4.544651e-06
0.5637219 4.513618e-06
0.5660615 4.517289e-06
0.5657557 4.497687e-06
0.5644486 4.507685e-06
0.5684185 4.473361e-06
0.5635692 4.491362e-06
0.5640306 4.495253e-06
0.5646808 4.475209e-06
0.5627924 4.480074e-06
0.5579604 4.486647e-06
0.5637079 4.479822e-06
0.5653945 4.494656e-06
0.56218 4.520345e-06
0.559216 4.516205e-06
0.5565393 4.511477e-06
0.5573222 4.513989e-06
0.555968 4.516545e-06
0.5562835 4.519052e-06
0.554233 4.489569e-06
0.5532138 4.483917e-06
0.5500262 4.467055e-06
0.5511312 4.46768e-06
0.5529712 4.465726e-06
0.5531953 4.454484e-06
0.5541374 4.474985e-06
0.5567271 4.464483e-06
0.5561436 4.470458e-06
0.5563142 4.481167e-06
0.5551154 4.516114e-06
0.5540502 4.509205e-06
0.5566135 4.508129e-06
0.5553901 4.484084e-06
0.5541977 4.478691e-06
0.5528422 4.502211e-06
0.5524565 4.475135e-06
0.5523473 4.482773e-06
0.5499598 4.467028e-06
0.55199 4.469809e-06
0.5509521 4.490579e-06
0.5490168 4.457427e-06
0.5496306 4.452746e-06
0.5486313 4.43343e-06
0.5487803 4.396987e-06
0.5440831 4.40731e-06
0.5402787 4.408393e-06
0.5387265 4.386869e-06
0.5397484 4.367605e-06
0.5418555 4.374008e-06
0.5413521 4.372672e-06
0.5398478 4.380462e-06
0.5388514 4.384318e-06
0.5291398 4.374291e-06
0.5293821 4.363171e-06
0.5278691 4.344349e-06
0.5326498 4.347411e-06
0.5360349 4.341032e-06
0.5407698 4.32154e-06
0.5427993 4.355539e-06
0.5473232 4.392407e-06
0.5461335 4.386628e-06
0.5477683 4.38945e-06
0.5489004 4.384977e-06
0.5468881 4.404389e-06
0.5507336 4.405661e-06
0.5499127 4.399052e-06
0.5512221 4.416862e-06
0.5517264 4.41539e-06
0.5552436 4.421223e-06
0.5533617 4.423829e-06
0.5507604 4.423352e-06
0.5502598 4.440429e-06
0.5566418 4.437425e-06
0.5553795 4.427109e-06
0.5568332 4.438299e-06
0.5597333 4.438379e-06
0.5607363 4.465936e-06
0.5619666 4.468397e-06
0.5592125 4.474588e-06
0.5601096 4.465167e-06
0.5584434 4.442244e-06
0.559267 4.472432e-06
0.5549664 4.432085e-06
0.5594907 4.446752e-06
0.558042 4.436642e-06
0.5563302 4.423172e-06
0.5578735 4.42503e-06
0.5502116 4.462208e-06
0.547505 4.462597e-06
0.543863 4.448179e-06
0.5438159 4.456698e-06
0.5420166 4.454196e-06
0.5391447 4.439694e-06
0.5375665 4.461402e-06
0.536527 4.460319e-06
0.5386939 4.450074e-06
0.5402321 4.438698e-06
0.540288 4.439254e-06
0.5401267 4.438625e-06
0.5399781 4.45982e-06
0.5392547 4.473425e-06
0.5376509 4.451554e-06
0.5386509 4.461303e-06
0.5375683 4.443121e-06
0.5403454 4.447587e-06
0.5454235 4.465398e-06
0.543929 4.48804e-06
0.5480648 4.485345e-06
0.5471274 4.486446e-06
0.547536 4.506697e-06
0.546656 4.489118e-06
0.5472275 4.479819e-06
0.5470733 4.485453e-06
0.5463961 4.48007e-06
0.5435842 4.479908e-06
0.5427466 4.495516e-06
0.5452299 4.499178e-06
0.5471168 4.453495e-06
0.5435129 4.442481e-06
0.5459822 4.449072e-06
0.5462137 4.422462e-06
0.5492267 4.442392e-06
0.5470649 4.442519e-06
0.5503454 4.446699e-06
0.5522295 4.45048e-06
0.5548079 4.456061e-06
0.5589891 4.464535e-06
0.5530523 4.475777e-06
0.5537696 4.454936e-06
0.5532044 4.45994e-06
0.5516084 4.451866e-06
0.5516767 4.492222e-06
0.5539062 4.489983e-06
0.554134 4.488309e-06
0.5540274 4.487235e-06
0.5548284 4.487496e-06
0.5518751 4.492012e-06
0.5521133 4.510044e-06
0.5547796 4.530247e-06
0.5554026 4.530803e-06
0.5552512 4.514221e-06
0.5529868 4.512407e-06
0.5514556 4.532098e-06
0.5507574 4.527694e-06
0.5474307 4.515863e-06
0.5409721 4.508273e-06
0.5464336 4.532931e-06
0.5416191 4.529732e-06
0.5381424 4.541862e-06
0.5396286 4.524161e-06
0.5397374 4.542385e-06
0.5403806 4.558537e-06
0.5417255 4.564594e-06
0.5443074 4.570631e-06
0.5421285 4.540284e-06
0.53852 4.559446e-06
0.5422661 4.553924e-06
0.5474808 4.525736e-06
0.544816 4.516401e-06
0.5438113 4.520504e-06
0.5461115 4.50127e-06
0.5428671 4.505588e-06
0.5456683 4.511133e-06
0.5432942 4.499344e-06
0.5422929 4.503532e-06
0.5491366 4.512844e-06
0.5477326 4.52205e-06
0.5493929 4.521149e-06
0.5469486 4.546173e-06
0.5498615 4.560688e-06
0.5531996 4.559661e-06
0.5539548 4.562524e-06
0.5556522 4.543425e-06
0.5575877 4.546365e-06
0.5532185 4.545662e-06
0.5517213 4.54681e-06
0.5549594 4.538733e-06
0.5576085 4.56686e-06
0.5568734 4.557829e-06
0.5601301 4.569196e-06
0.5587654 4.586774e-06
0.5601634 4.561149e-06
0.5573868 4.574126e-06
0.5598331 4.580873e-06
0.5611723 4.580554e-06
0.560204 4.563083e-06
0.5612177 4.549216e-06
0.558013 4.535934e-06
0.558281 4.559512e-06
0.556289 4.584948e-06
0.5554165 4.594139e-06
0.5510558 4.583304e-06
0.5526939 4.588399e-06
0.5530909 4.594596e-06
0.551801 4.562401e-06
0.5488733 4.583793e-06
0.5484638 4.584042e-06
0.5462595 4.597773e-06
0.5448588 4.605347e-06
0.5398084 4.602424e-06
0.5452717 4.613315e-06
0.5488368 4.590987e-06
0.5493568 4.586762e-06
0.5485995 4.593482e-06
0.5469134 4.590912e-06
0.5475616 4.576423e-06
0.5506797 4.573751e-06
0.5444983 4.552995e-06
0.5452517 4.56889e-06
0.5444457 4.560254e-06
0.5426261 4.538477e-06
0.5432228 4.518388e-06
0.5396794 4.512653e-06
0.540363 4.510853e-06
0.5369053 4.532008e-06
0.5376597 4.528563e-06
0.5358762 4.510667e-06
0.537505 4.517257e-06
0.5319638 4.524012e-06
0.5329351 4.514108e-06
0.5329395 4.517583e-06
0.5326466 4.508142e-06
0.5320824 4.48972e-06
