0.0101467
0.006443727
0.008269813
0.008537839
0.007835921
0.007031378
0.006656822
0.008365702
0.006673632
0.007755558
0.008946397
0.008331492
0.01019703
0.008771778
0.008792475
0.008111549
0.01222894
0.01007518
0.009937971
0.008929336
0.0087128
0.007446782
0.007699354
0.01005972
0.005699656
0.008471105
0.00935023
0.01034113
0.01048753
0.007693277
0.007238349
0.006488267
0.007455046
0.005829255
0.009693236
0.005389227
0.005439766
0.005639653
0.007467977
0.007847716
0.006409494
0.006147057
0.009176902
0.007876966
0.007497839
0.005872647
0.005441342
0.008043878
0.006587738
0.009671417
0.008506387
0.01146097
0.008159341
0.007926381
0.006115383
0.005862374
0.005805399
0.00651044
0.004476554
0.007435921
0.00589017
0.007784901
0.009806081
0.009269819
0.007492219
0.00603247
0.006973555
0.009801385
0.006634094
0.009877136
0.006512613
0.007253076
0.006353496
0.007919652
0.006804969
0.005689521
0.01119246
0.007403268
0.00804225
0.01037563
0.008983554
0.008395019
0.008024788
0.00785685
0.008689413
0.007526643
0.007962897
0.008057116
0.007202596
0.008450156
0.009089935
0.007850641
0.006665665
0.006440423
0.008305181
0.008296971
0.01017394
0.0116172
0.01374235
0.01386175
0.009743216
0.01095298
0.007368821
0.008395182
0.008108595
0.008004034
0.006898467
0.004944928
0.006672114
0.00586248
0.008817764
0.008249786
0.01117502
0.008214201
0.009654012
0.008536356
0.008101137
0.007548835
0.006579779
0.007469988
0.008283163
0.008578267
0.005309952
0.007364877
0.005957382
0.00719072
0.007963531
0.007659776
0.006708793
0.00838191
0.01072226
0.007953012
0.008073636
0.009947655
0.009038942
0.008108534
0.009243961
0.008253872
0.008913897
0.009128456
0.006280307
0.008156682
0.009255547
0.006302556
0.00760992
0.008703294
0.007752829
0.008736813
0.009941993
0.008209794
0.007161665
0.007193555
0.009828208
0.009267349
0.006355075
0.008350786
0.007931587
0.009166689
0.01007666
0.009166266
0.00727501
0.00680272
0.00640747
0.009908688
0.008173652
0.007793296
0.008992384
0.008351103
0.01027077
0.005604994
0.01054895
0.008817828
0.007630388
0.007486858
0.007591858
0.008116252
0.007852778
0.007163754
0.00912876
0.009508076
0.01321776
0.01121652
0.01068433
0.01169638
0.01101182
0.008770284
0.01178736
0.01038216
0.007464169
0.01056221
0.009083925
0.007086518
0.00825788
0.008952884
0.006867739
0.008279308
0.007411978
0.008358168
0.008128472
0.009896038
0.008142503
0.009368642
0.01115133
0.008431058
0.007419065
0.01098072
0.006235444
0.009849741
0.009155668
0.007888586
0.007076649
0.006961258
0.007641781
0.008170008
0.01013268
0.007273414
0.008873476
0.01273415
0.01350524
0.007449935
0.0105658
0.009759299
0.008692309
0.008603532
0.009656433
0.01040822
0.008347281
0.009763539
0.01127692
0.01182969
0.009262486
0.0115236
0.007070645
0.008712408
0.008770102
0.008482115
0.00621667
0.006342772
0.009002089
0.009988982
0.01163517
0.009123414
0.01021859
0.009134967
0.00826883
0.008361322
0.008786452
0.01270735
0.01010817
0.00980789
0.009304114
0.008278659
0.006757132
0.008453795
0.007794047
0.007434731
0.008998159
0.007566439
0.005953146
0.007736374
0.007511268
0.007626035
0.01035796
0.007233774
0.007718356
0.008026183
0.009379278
0.01031412
0.008790592
0.008579956
0.008298557
0.01057321
0.007613189
0.007902343
0.01036704
0.01100555
0.008974661
0.007566308
0.01090624
0.009031345
0.01017225
0.01025343
0.008637448
0.009902494
0.0101503
0.009390467
0.00862778
0.008149026
0.009386111
0.009296213
0.00895058
0.01144595
0.009334644
0.00835191
0.007925085
0.008671703
0.009191867
0.009346044
0.007710725
0.009567526
0.007561413
0.008412392
0.01327951
0.009117986
0.00675397
0.009540956
0.008082533
0.005817279
0.006969615
0.008246172
0.01286735
0.007789792
0.0100011
0.007796873
0.005271759
0.006468253
0.009033683
0.009216456
0.006104674
0.009036829
0.008821323
0.01023771
0.008622604
0.008935181
0.009454446
0.008304072
0.009192715
0.009662737
0.007383059
0.008860305
0.01297779
0.009783088
0.009666965
0.00879837
0.00910575
0.01126215
0.007226339
0.007041028
0.007388938
0.006839626
0.007063407
0.009119393
0.008568766
0.01313742
0.009461576
0.007595517
0.005970791
0.0074358
0.01028308
0.008667134
0.01103227
0.006820882
0.008617712
0.006721007
0.009040881
0.007271796
0.007766366
0.008685062
0.009275362
0.008304945
0.007587736
0.006682286
0.00830977
0.008089162
0.007416441
0.009615031
0.01142881
0.008465342
0.01013777
0.01002838
0.008184474
0.009725707
0.008288684
0.008564479
0.009058212
0.007262167
0.007272697
0.007091472
0.009994882
0.0101331
0.01132025
0.01419913
0.00983859
0.01052116
0.01275575
0.0105569
0.01025428
0.009311752
0.008760178
0.007972022
0.006616431
0.008843054
0.00944147
0.008959041
0.007399432
0.00913334
0.009354488
0.01239723
0.01027848
0.009215987
0.01226883
0.01126553
0.008739647
0.008030217
0.008849103
0.006959618
0.007183905
0.009867321
0.009125627
0.01149461
0.009811466
0.01151909
0.007297554
0.008379847
0.008237284
0.01011773
0.01115574
0.007054846
0.009108568
0.01092867
0.01025526
0.007513859
0.007023266
0.008386793
0.01249367
0.01153007
0.01220065
0.009745051
0.009629308
0.009147154
0.008771173
0.008324405
0.007829892
0.008828674
0.01054735
0.01154674
0.008211967
0.01049038
0.008088197
0.009422858
0.009020958
0.007925738
0.007305711
0.01010876
0.01032328
0.007275345
0.01121877
0.009772504
0.00883806
0.00988652
0.009276532
0.009489397
0.009109955
0.008848301
0.005335101
0.008113264
0.006165268
0.008491311
0.01036942
0.01417898
0.01000583
0.009216067
0.01025091
0.009059051
0.009107017
0.009149198
0.008115462
0.008331301
0.01287935
0.01010544
0.006564231
0.006336777
0.007425869
0.007316485
0.006407884
0.007939699
0.008710811
0.009509238
0.005850314
0.006544938
0.008267935
0.0075707
0.009653588
0.007301194
0.009444807
0.01135857
0.009299179
0.01237679
0.009112087
0.01007676
0.01048017
0.008576755
0.008418405
0.007794483
0.01014982
0.01017237
0.01110779
0.008811278
0.00907133
0.01023522
0.007050065
0.01079018
0.008972323
0.006699669
0.005275386
0.009345421
0.008610888
0.007964424
0.008961088
0.01089453
0.008596322
0.01165071
0.0095248
0.008615564
0.007382336
0.006255007
0.009137652
0.00992346
0.009909344
0.007153925
0.006722364
0.008188126
0.005280784
0.009927215
0.008949781
0.007582441
0.008504144
0.01116582
0.01408204
0.009202339
0.008828941
0.01020313
0.009636689
0.008103506
0.007128257
0.006466262
0.01047151
0.01038224
0.008784683
0.007920061
0.007995026
0.009848758
0.01032796
0.0094956
0.005575817
0.006272142
0.006970369
0.006005604
0.008488336
0.008593849
0.006127888
0.007813582
0.006967832
0.007995158
0.009181216
0.009986676
0.007420476
0.01035763
0.01029859
0.01080586
0.008925952
0.009705204
0.01134912
0.01292954
0.01223961
0.007693269
0.008637506
0.007502796
0.006338904
0.008624308
0.008052992
0.005989241
0.00765327
0.007818149
0.008383077
0.006773939
0.008440757
0.008601949
0.009565331
0.009492441
0.009874516
0.009843185
0.01072918
0.01196591
0.01289833
0.009191771
0.008027007
0.005589694
0.008042546
0.006807508
0.007412378
0.01018605
0.01006089
0.00869623
0.009155368
0.01111442
0.008915619
0.008141149
0.007681943
0.008767157
0.01083718
0.008891492
0.00811417
0.01118947
0.00625083
0.009401239
0.008131209
0.009523795
0.008288506
0.008059617
0.008833333
0.007055528
0.009153288
0.01176087
0.01126803
0.01096921
0.01151796
0.009531395
0.01100776
0.009579056
0.008069046
0.006175318
0.00803597
0.008328111
0.01043597
0.01069718
0.01196483
0.008861323
0.009355563
0.01002731
0.009285544
0.007947973
0.01174814
0.008392671
0.008440416
0.007153561
0.007603686
0.008785017
0.009452903
0.01084496
0.008629345
0.008966571
0.008472647
0.008910228
0.007764892
0.009014475
0.006629117
0.006740149
0.007620873
0.007373899
0.00794851
0.01053994
0.01021834
0.01176934
0.008585818
0.01065462
0.01007856
0.01155603
0.008128849
0.009123045
0.009266799
0.01002243
0.008425833
0.01127147
0.01180959
0.009580121
0.007949916
0.01074515
0.009699903
0.008366049
0.0104488
0.0109349
0.01106546
0.01076584
0.008122514
0.007647497
0.009977888
0.009147313
0.008777306
0.006868992
0.007725259
0.009021341
0.01054799
0.009759955
0.01289771
0.01010502
0.008909465
0.009113113
0.007030696
0.009346564
0.0116672
0.01159238
0.01123127
0.009790457
0.009469194
0.007467542
0.008644241
0.008254316
0.01376016
0.009831831
0.01000797
0.01175036
0.008953992
0.01109719
0.01074887
0.01087802
0.007906293
0.00679732
0.009108966
0.007995381
0.008921448
0.007976784
0.01089714
0.009863082
0.01093441
0.009735422
0.01073412
0.009176264
0.01045033
0.007945019
0.01101363
0.008919952
0.007676336
0.01462374
0.009876576
0.009975478
0.01053393
0.01014244
0.009563506
0.01049427
0.009240164
0.008620431
0.009735383
0.01022071
0.009015149
0.01117612
0.008229789
0.009263654
0.008492367
0.00558068
0.006565306
0.01006282
0.008082965
0.009586352
0.008527053
0.008697385
0.006454197
0.00768692
0.008099264
0.008069517
0.00728056
0.008265069
0.009750305
0.01010559
0.00805598
0.01067308
0.006274346
0.006668974
0.00902365
0.008658104
0.005409147
0.006151035
0.007004119
0.006853613
0.007280678
0.009891338
0.008180796
0.007781847
0.01117017
0.01365636
0.007720766
0.008975026
0.008187097
0.009325636
0.007293468
0.008852564
0.008288
0.006058873
0.005569282
0.006652318
0.007776075
0.006506231
0.007900553
0.01093449
0.009595117
0.007569331
0.009077616
0.01052699
0.009347524
0.01487156
0.01019896
0.01068012
0.01334139
0.00971582
0.01022761
0.009971092
0.01028884
0.01129145
0.008184483
0.0126047
0.009176126
0.007567487
0.008915901
0.008024423
0.007470076
0.009585178
0.01090538
0.009705158
0.01259772
0.01167281
0.0109846
0.01074003
0.009124276
0.008679146
0.008062556
0.009108402
0.01035159
0.01080836
0.00983841
0.00917078
0.01075052
0.008575263
0.008067457
0.01088323
0.009828104
0.0101744
0.008382793
0.008724118
0.008481284
0.00798935
0.007205636
0.00978303
0.01084977
0.008021306
0.01016882
0.009994068
0.01202711
0.008635465
0.01110876
0.009472408
0.01186834
0.008252754
0.006457068
0.009341817
0.01181226
0.01108801
0.01209792
0.01080489
0.008614677
0.007215525
0.007705976
0.00936328
0.007680253
0.006967327
0.007129705
0.01018217
0.007927974
0.008588209
0.007885347
0.007794565
0.006744066
0.008164581
0.007791726
0.007623445
0.00985475
0.009324867
0.006385532
0.006725424
0.005853275
0.006717103
0.007540873
0.009196485
0.008998293
0.01131893
0.00802257
0.00938746
0.0106708
0.00862375
0.009387281
0.009102693
0.01036616
0.01067294
0.01170026
0.01198237
0.008263268
0.01026719
0.008319154
0.008430792
0.007797524
0.00791445
0.008025017
0.007170146
0.01106369
0.0078217
0.009378989
0.01143921
0.01509525
0.01403655
0.01225335
0.01236906
0.01165452
0.009930951
0.006779876
0.008167681
0.007316428
0.01154284
0.01000866
0.007391947
0.009017317
0.009737741
0.007614652
0.008175404
0.008885279
0.01089646
0.0113325
0.01126895
0.01056487
0.007506323
0.01071779
0.01019557
0.01314821
0.01088053
0.009212303
0.01240124
0.009970997
0.01289963
0.01205768
0.01044736
0.01126388
0.008463504
0.007586413
0.0107151
0.009036426
0.01117542
0.01150406
0.009519326
0.01152748
0.008762366
0.01109837
0.01161553
0.01101466
0.01297251
0.01448181
0.009833294
0.007983383
0.0080629
0.007182871
0.007614104
0.005887726
0.007201366
0.009900707
0.008608877
0.01164472
0.01046564
0.009565414
0.01042208
0.01166433
0.009241706
0.01180518
0.01078203
0.01324027
0.009402081
0.009216136
0.009827274
0.00817429
0.008928193
0.008468037
0.009146421
0.00859981
0.01300991
0.01170055
0.008571794
0.01124293
0.008103027
0.01118944
0.01063511
0.0105531
0.009733548
0.007409698
0.01046179
0.008033585
0.009382061
0.008237555
0.0106243
0.01262856
0.009133144
0.009224604
0.01042112
0.01011777
0.007097344
0.007033005
0.008596495
0.007850771
0.008186381
0.007139703
0.007685194
0.01049684
0.009524703
0.009340874
0.009968279
0.009692723
0.01002533
0.0126023
0.009118383
0.009456621
0.009996472
0.01014133
0.009332193
0.0120356
0.009466562
0.009979555
0.01070224
0.01045452
0.00908786
0.008566507
0.009251579
0.01086647
0.008867108
0.01214213
0.010516
0.009084811
0.01069682
0.01161801
0.01238425
0.009953438
0.007084845
0.007263665
0.009938584
0.01450792
0.01082158
0.008326505
0.00952179
0.01100039
0.0107468
0.01070339
0.007518268
0.01158722
0.007757361
0.009042246
0.01019558
0.009711437
0.01240122
0.01011655
0.008368518
0.00915377
0.0114917
0.01075052
0.01028632
0.01015024
0.009377733
0.008373434
0.01098714
0.0120956
0.008352032
0.007924293
0.008785482
0.00883347
0.007573879
0.009094694
0.0118691
0.009949215
0.008190946
0.006745117
0.008124284
0.009307262
0.009899328
0.007818623
0.01135831
0.009021082
0.00719113
0.008517002
0.009736986
0.01112075
0.01174923
0.007313933
0.01025531
0.01264043
0.009285089
0.005228357
0.006127034
0.00528162
0.007799279
0.009172922
0.007016378
0.007644528
0.008810872
0.008133275
0.01162391
0.007787885
0.00943084
0.007853005
0.009692352
0.008567014
0.00752475
0.007965267
0.007594611
0.008990273
0.007241938
0.00785119
0.009594012
0.01203592
0.01037182
0.007751172
0.007155079
0.007760071
0.01029785
0.01052177
0.008537445
0.009055532
0.008952702
0.008769709
0.01094126
0.007026395
0.007508432
0.007705424
0.008030104
0.009270548
0.009389752
0.008194639
0.007052501
0.01109005
0.006992065
0.007532586
0.00714197
0.009046138
0.007102399
0.007976475
0.01114046
0.01257901
0.008237176
0.007172474
0.007805411
0.00857805
0.007196942
0.009650351
0.01116703
0.00744596
0.008185805
0.01051688
0.009069897
0.007672669
0.00759113
0.006304209
0.005435212
0.008218517
0.01144619
0.01100752
0.007460065
0.007721482
0.007022561
0.007675107
0.008567175
0.01058664
0.01161444
0.006392465
0.005112483
0.005694184
0.006446422
0.007694463
0.008159815
0.008488538
0.01025291
0.005932648
0.009542606
0.01008442
0.01195965
0.009807105
0.009265209
0.007895141
0.01062056
0.007448114
0.008243603
0.007519295
0.005515507
0.004278858
0.004912096
0.008573765
0.005210944
0.005718061
0.006396916
0.005980712
0.007490153
0.006625385
0.01049519
0.007749795
0.008551547
0.01094718
0.008572362
0.009196154
0.008863844
0.007948981
0.008518473
0.009830963
0.006487
0.008500998
0.00803328
0.01040141
0.008513467
0.008741793
0.007949794
0.01165517
0.008761067
0.007943297
0.009269084
0.008779434
0.007911477
0.00652435
0.008570207
0.00453149
0.005851027
0.008154789
0.008476425
0.01009544
0.008457942
0.007945346
0.007726176
0.006860365
0.006004147
0.0103265
0.009071111
0.01076856
0.009541857
0.009669488
0.007351414
0.008222735
0.005957554
0.006230052
0.006783454
0.009052746
0.0118815
0.00722871
0.008103687
0.009535177
0.006496264
0.007048489
0.006354552
0.009483942
0.0086729
0.008560778
0.00996781
0.009662395
0.0111937
0.008050651
0.008698575
0.00767734
0.008793741
0.01032811
0.008095096
0.007558184
0.008993653
0.01052284
0.007529932
0.005550249
0.005085717
0.005233768
0.008477051
0.009660441
0.009632801
0.007379338
0.008048295
0.007491578
0.008210929
0.009191449
0.01098792
0.008770059
0.008763596
0.009140544
0.009292921
0.01156773
0.008997568
0.01022362
0.008911422
0.007498575
0.008459352
0.00828965
0.01023729
0.01258451
0.008933631
0.008508082
0.007945154
0.009308731
0.007708882
0.006473004
0.009406547
0.006310158
0.006367631
0.008954456
0.01056123
0.00638445
0.006850126
0.006611944
0.00717965
0.006520581
0.005134749
0.005679281
0.007142007
0.006555227
0.007454033
0.008111784
0.007364444
0.007817099
0.007771747
0.007872799
0.007718316
0.01097152
0.007508685
0.01084125
0.009271242
0.009092044
0.008628988
0.007313596
0.007525731
0.007309227
0.008705908
0.01047563
0.006393313
0.006637351
0.009272592
0.01059355
0.007909351
0.01011933
0.009569079
0.006893211
0.00575754
0.008739733
0.007215116
0.007637428
0.008817158
0.01046503
0.01238795
0.01191639
0.01103597
0.009255868
0.008589809
0.01047359
0.01212998
0.007701751
0.007669985
0.007588474
0.008961755
0.007465804
0.006395073
0.006443797
0.00889695
0.01303658
0.01387589
0.01233995
0.01007294
0.00938526
0.008889781
0.007831634
0.009183828
0.01159682
0.009069129
0.01152059
0.01238603
0.009356391
0.009461249
0.00660018
0.008373403
0.007267133
0.007193067
0.005637663
0.008011198
0.009524374
0.005942143
0.009179532
0.008790329
0.0078638
0.008423196
0.007019425
0.007482743
0.007428263
0.008501187
0.01007221
0.009607408
0.01089445
0.006885679
0.008793799
0.01014179
0.007760092
0.01207296
0.009810219
0.00857086
0.007724787
0.00836424
0.008572674
0.01137485
0.0110314
0.008688079
0.009414136
0.006945004
0.006491803
0.006269286
0.007368119
0.01017149
0.01057401
0.009089432
0.006333768
0.008969309
0.007673525
0.008586995
0.005504412
0.009345283
0.008211272
0.01008282
0.008924989
0.009924974
0.0079725
0.00760745
0.008911186
0.009245642
0.009930324
0.008001548
0.009733355
0.01031197
0.005894614
0.009640682
0.00879786
0.01231211
0.0106927
0.01271475
0.00843161
0.007761188
0.007010504
0.008988136
0.009835789
0.01027205
0.00978085
0.007860469
0.006467477
0.008795604
0.0091233
0.01078599
0.009788413
0.01040227
0.01038421
0.007612914
0.007092291
0.005468587
0.00571604
0.006512075
0.007086486
0.01051094
0.007351387
0.00796267
0.00865405
0.007547405
0.00479071
0.006021492
0.005836273
0.00708524
0.008226102
0.006807254
0.007740487
0.006363779
0.01187416
0.01100846
0.007875479
0.01379848
0.009458262
0.008504804
0.009812565
0.008746792
0.0110531
0.007142478
0.007738927
0.009344436
0.009488668
0.008172606
0.008714962
0.007630526
0.00796567
0.007057159
0.006764945
0.007325529
0.01119511
0.007204398
0.008653724
0.0075285
0.008031986
0.006862987
0.008561572
0.007670003
0.00951031
0.01066425
0.01121503
0.0113302
0.007208506
0.007253625
0.008108619
0.008246711
0.01075155
0.008887139
0.008102164
0.006382392
0.009714042
0.007398049
0.008685228
0.008797554
0.006924233
0.009491974
0.01097601
0.008630905
0.009197594
0.008943762
0.007752536
0.006792008
0.005865168
0.006841673
0.006885396
0.006713772
0.009264175
0.01143118
0.008042374
0.01002817
0.007552588
0.01011744
0.00913017
0.007231578
0.006459607
0.006916804
0.008580352
0.01124351
0.00964764
0.008813948
0.007859588
0.007383044
0.007719121
0.007061047
0.006379083
0.00888127
0.006573256
0.006274687
0.008724539
0.01026409
0.009357181
0.008413934
0.008725809
0.00591208
0.00910922
0.01242963
0.01282174
0.01056481
0.01005469
0.009038629
0.008103401
0.007323242
0.01020223
0.007788424
0.006993143
0.008984355
0.008697037
0.006588261
0.007490228
0.007904122
0.005908429
0.006852411
0.007105064
0.008849756
0.007408629
0.006268495
0.01308875
0.006774324
0.007155648
0.007325658
0.009375184
0.008241906
0.008332183
0.01110154
0.008183317
0.007416383
0.009547144
0.009524127
0.007381218
0.007813277
0.008842438
0.007552425
0.01088862
0.007185425
0.008299459
0.006746113
0.006048585
0.005227948
0.00708274
0.007098269
0.005698718
0.006386385
0.00891336
0.01012839
0.007265339
0.006383564
0.005192771
0.004667917
0.006328617
0.007259153
0.007337962
0.007721349
0.008574242
0.008291962
0.008538894
0.008171844
0.009330801
0.008977118
0.006787266
0.006290397
0.007386183
0.007803274
0.01026648
0.008269374
0.008854364
0.007248373
0.01154185
0.01061909
0.008589407
0.008583102
0.01140267
0.01024351
0.01003087
0.009071512
0.01006128
0.009182182
0.007262389
0.007095336
0.005981722
0.006593066
0.007829389
0.007543387
0.006775864
0.007204549
0.008446866
0.008196034
0.006422391
0.007984039
0.007169432
0.007088848
0.005718559
0.006535581
0.006174688
0.007243083
0.008464858
0.007611997
0.008306526
0.008329828
0.01137382
0.008230986
0.007660657
0.008365951
0.007900281
0.009518926
0.008718467
0.008315881
0.007533398
0.006379027
0.00727769
0.008537382
0.008103495
0.007108697
0.008673289
0.008574106
0.007473204
0.008496539
0.007452837
0.008119512
0.00612207
0.006187697
0.006038126
0.006144909
0.006273097
0.008107214
0.01070898
0.008277551
0.006677203
0.008282775
0.01021923
0.01064133
0.0109443
0.007689246
0.007188885
0.007839995
0.009259075
0.009354435
0.009016879
0.009498096
0.01196841
0.01112517
0.009007299
0.007544219
0.008513679
0.01248956
0.01178615
0.008342394
0.009153639
0.009313193
0.008499686
0.009936229
0.01209693
0.01095276
0.008206851
0.009260685
0.009675801
0.01031456
0.007279605
0.008194563
0.008460542
0.01041608
0.01212086
0.01368992
0.01091536
0.008329925
0.008349207
0.006715714
0.007006228
0.009206832
0.009283638
0.006744287
0.006368364
0.009192228
0.0092071
0.009971206
0.007359432
0.007443564
0.008209066
0.01053669
0.007192948
0.008503233
0.004960194
0.008547356
0.006954743
0.009595413
0.007920538
0.007776594
0.007714235
0.007365894
0.00599052
0.01003744
0.0114598
0.01089038
0.01050296
0.009848214
0.009301732
0.0113803
0.01228759
0.0100554
0.007865906
0.006499781
0.006944539
0.008688465
0.01071011
0.01016652
0.007804993
0.0116506
0.01055457
0.01171174
0.01162011
0.009957689
0.01018317
0.007309122
0.008417949
0.009433044
0.008037661
0.008086038
0.007209106
0.00936191
0.008332682
0.00576735
0.007166867
0.006219061
0.006772025
0.006980429
0.008174046
0.00771306
0.01006308
0.007567606
0.008198505
0.006288447
0.00776558
0.005822818
0.00597437
0.005388448
0.0061587
0.006288088
0.01103529
0.009739509
0.007683468
0.006947655
0.006785345
0.00896141
0.01304126
0.009824518
0.01071361
0.008179286
0.009477024
0.006561454
0.007623364
0.009795549
0.007810514
0.006953078
0.007434341
0.01103016
0.00872961
0.006523934
0.00594082
0.006618146
0.007649272
0.01199054
0.008528661
0.008799561
0.008709162
0.005802308
0.006121121
0.006540479
0.006906592
0.009632361
0.00962509
0.009052273
0.01003808
0.007313252
0.00568836
0.006886737
0.007356792
0.008917581
0.007888042
0.009685108
0.007343854
0.005719276
0.0089978
0.007119046
0.007921807
0.007800295
0.007092253
0.008060183
0.01061469
0.01309988
0.008596822
0.005121944
0.005957832
0.009183468
0.007317455
0.007722697
0.006838832
0.006503643
0.006554517
0.007611749
0.006750343
0.006269894
0.006871734
0.005604365
0.007843966
0.007552617
0.006198051
0.007448868
0.007881227
0.01139317
0.008500093
0.009375921
0.01037349
0.008211708
0.009001657
0.008801401
0.009682611
0.008997628
0.01214161
0.01251394
0.01028071
0.01057867
0.008455193
0.00967176
0.01142738
0.01043731
0.006592771
0.009190213
0.009096624
0.01125088
0.006604447
0.007607129
0.005852261
0.008016767
0.007876729
0.009864794
0.01058065
0.007799685
0.009113871
0.009134863
0.01063264
0.006976736
0.007641313
0.007384007
0.007816299
0.006795331
0.0108358
0.00726428
0.007923916
0.009007902
0.008470326
0.01265177
0.01174203
0.01157328
0.009332508
0.007545574
0.0118229
0.01167451
0.01103873
0.008464242
0.009046173
0.0103355
0.005813328
0.005934652
0.008378585
0.008273364
0.009443197
0.0105899
0.007692253
0.00669149
0.006510092
0.009484923
0.008077043
0.008048202
0.006961638
0.008367257
0.006592127
0.00531355
0.006294788
0.008558958
0.01029248
0.007786203
0.007645142
0.008143983
0.008437157
0.008752954
0.009378412
0.007242139
0.007972542
0.01142566
0.01065641
0.009415351
0.009821461
0.007316704
0.007829016
0.00616544
0.006054622
0.01213699
0.007702041
0.01225605
0.007543629
0.01018269
0.01185667
0.01039381
0.008065358
0.007073663
0.007425264
0.008153767
0.007437379
0.01073407
0.01076509
0.008828465
0.0122999
0.01191062
0.006516804
0.007287541
0.007474493
0.007984138
0.007686829
0.005670488
0.008585802
0.01095318
0.01119983
0.01275909
0.01099522
0.01205538
0.009121392
0.007610477
0.008442204
0.009908773
0.01148721
0.008884249
0.007066078
0.008498019
0.006684703
0.008376468
0.006537562
0.005313107
0.005374755
0.006693258
0.007500121
0.007013843
0.009570906
0.00726387
0.007353756
0.008174403
0.008385371
0.006831326
0.007333463
0.006264286
0.008109283
0.007572129
0.006614146
0.006651804
0.007534312
0.007446649
0.007758379
0.0107193
0.007559192
0.008108364
0.008248317
0.0073303
0.008732813
0.008037919
0.0068846
0.006164886
0.008804059
0.008348126
0.01110519
0.01152129
0.01190392
0.009596912
0.008412594
0.008620366
0.00888628
0.007050665
0.00786294
0.009584293
0.01188295
0.008429605
0.0101927
0.00826745
0.007686515
0.007369671
0.01047437
0.008157492
0.007349969
0.01140695
0.008499004
0.008073888
0.008873628
0.007064504
0.01020874
0.01143482
0.006966039
0.01044606
0.01029666
0.008706379
0.007960136
0.007791116
0.01003512
0.01208783
0.007021836
0.008916945
0.007463142
0.01050972
0.01448919
0.009033552
0.006911004
0.006795332
0.007653956
0.007076462
0.01052163
0.008611315
0.007106639
0.008444265
0.01060543
0.008880827
0.007001143
0.007889415
0.006110701
0.005423223
0.008492791
0.005933663
0.004798281
0.007425447
0.008760355
0.009206059
0.007636942
0.009319704
0.01014329
0.007463445
0.006734725
0.008281787
0.007769122
0.007402734
0.005412346
0.006371972
0.00529108
0.01034755
0.01135758
0.01052844
0.0101624
0.007586394
0.009132856
0.008489452
0.008519329
0.009529175
0.009612694
0.008811902
0.0103653
0.01214006
0.008710504
0.01070544
0.01145537
0.01352693
0.01035666
0.009377187
0.01182798
0.008531208
0.009921467
0.008143231
0.005962459
0.007067536
0.009477845
0.01306866
0.009465102
0.008375351
0.008122113
0.007041796
0.008760479
0.008020944
0.009305015
0.008269013
0.009264047
0.009338191
0.008060089
0.007439916
0.007612568
0.009901251
0.008146435
0.008546857
0.009313889
0.00901596
0.01070516
0.01257934
0.007810705
0.009096462
0.006618885
0.009712397
0.006664462
0.007687653
0.008045555
0.007159153
0.008446627
0.01205776
0.006882699
0.006599606
0.008774433
0.007509148
0.009541404
0.01001061
0.009873947
0.01384053
0.01031611
0.00771205
0.008505542
0.008267341
0.01286265
0.009791743
0.009622136
0.008922482
0.008773449
0.01009698
0.008270351
0.01100277
0.00990225
0.01119404
0.01434429
0.007857265
0.009094449
0.008974528
0.0106776
0.01133508
0.01044383
0.01119513
0.007978534
0.007217395
0.009130233
0.007933822
0.008000537
0.00672749
0.009991377
0.01121814
0.006148625
0.007348262
0.007611169
0.009500758
0.008607011
0.01095046
0.009366226
0.01144488
0.01064507
0.008569305
0.009307085
0.01148237
0.01055876
0.008660012
0.008824844
0.01039575
0.01003158
0.01135392
0.0087213
0.007725085
0.007978727
0.008102235
0.005767143
0.0077185
0.01014351
0.007451296
0.009663576
0.008853064
0.009312109
0.01115484
0.00944238
0.008649713
0.00773847
0.008772437
0.0094822
0.009315103
0.008483093
0.007442952
0.009736114
0.008626225
0.007490695
0.009068812
0.01114201
0.0085914
0.007751176
0.008110044
0.007585825
0.00604686
0.006450357
0.008397539
0.007899614
0.01171867
0.009845017
0.01045699
0.01271361
0.01254372
0.01061138
0.009955217
0.01039661
0.007711191
0.0103429
0.01110964
0.009400368
0.007404635
0.006461522
0.008993126
0.009765742
0.007780552
0.007090563
0.006630531
0.007318112
0.007102606
0.009065845
0.01232423
0.01144632
0.01102703
0.0120756
0.01010629
0.007654727
0.007789457
0.008321329
0.008291294
0.006959693
0.009176469
0.0087923
0.009490326
0.007732241
0.01005216
0.01011667
0.01263119
0.008939677
0.01087147
0.01034129
0.01030427
0.01027421
0.01277929
0.01046577
0.009769825
0.01077019
0.008561141
0.006792398
0.00836486
0.006892404
0.009685848
0.008726394
0.01115741
0.01459625
0.0102298
0.008386591
0.01069612
0.009944659
0.006171358
0.006775992
0.008163313
0.00677717
0.008713634
0.005806892
0.006993522
0.007050244
0.009704782
0.008708405
0.008437664
0.009909986
0.008348232
0.007058534
0.008381416
0.006713539
0.007382531
0.008438251
0.01129775
0.01156838
0.01115928
0.009973854
0.009265454
0.01124825
0.008120799
0.007456689
0.008114271
0.006629941
0.01070239
0.009101318
0.00924225
0.008017318
0.008872648
0.00648478
0.006910231
0.008554783
0.008923038
0.00849313
0.008755826
0.00741076
0.007592902
0.008497644
0.01123863
0.01094805
0.008142284
0.00810439
0.007666714
0.008267702
0.008757533
0.01166373
0.01050138
0.009206242
0.01085844
0.009183668
0.005703994
0.01133911
0.01034057
0.01154716
0.007882016
0.009222383
0.00978456
0.01179693
0.00827458
0.007030015
0.008072852
0.005758262
0.007178034
0.009144703
0.00942891
0.008056794
0.006297732
0.007861265
0.009369951
0.01259161
0.008623675
0.01294267
0.007135541
0.007719422
0.00753696
0.005796057
0.007586249
0.006805803
0.007969717
0.009099959
0.007822356
0.008315696
0.01026374
0.009973029
0.008568518
0.009983179
0.007468844
0.008408519
0.009161043
0.008660089
0.009464531
0.008074382
0.01127066
0.01243732
0.01100991
0.009798245
0.007328374
0.009763017
0.009789573
0.006767294
0.006240942
0.009244891
0.00790437
0.0068082
0.00636767
0.006746079
0.007563617
0.009473257
0.01090563
0.00912842
0.008858536
0.007726963
0.01136791
0.01094098
0.01228279
0.008359535
0.007558179
0.008691048
0.006804239
0.008246973
0.008233634
0.009696776
0.007366373
0.008627226
0.008206748
0.009441048
0.007589783
0.007998403
0.009296637
0.0111048
0.00979966
0.007776169
0.01215769
0.01055306
0.007919766
0.01002309
0.008942709
0.01101336
0.008707089
0.009477503
0.008655455
0.006745451
0.007933605
0.007154685
0.005901112
0.006541311
0.009039466
0.00944582
0.00888629
0.01066926
0.007468208
0.008498888
0.008390145
0.009542859
0.008866441
0.007082401
0.008641178
0.009666866
0.01079275
0.0122706
0.01266707
0.009753489
0.008226851
0.007698137
0.009337861
0.01021814
0.009664035
0.01033122
0.008137182
0.006672581
0.007758788
0.00695565
0.008897835
0.006705555
0.01036501
0.0100442
0.008305191
0.01021528
0.01047088
0.009764622
0.008522882
0.008756361
0.007990599
0.009317882
0.008135155
0.009400024
0.009460266
0.01072884
0.009558636
0.0123221
0.01048297
0.0106765
0.009824555
0.009063098
0.009788979
0.008867586
0.01011143
0.008214986
0.008771325
0.01088745
0.01225204
0.01073188
0.009166105
0.01262972
0.009315102
0.008238147
0.00754648
0.008411117
0.009707413
0.008038944
0.008764915
0.00788041
0.007919938
0.008715157
0.007202956
0.006916507
0.01136216
0.007355249
0.007061723
0.007716893
0.0114397
0.0134794
0.01207969
0.009802591
0.008541651
0.009340784
0.009918942
0.009145522
0.009317372
0.007035087
0.009786395
0.007571217
0.006940232
0.01291043
0.01157254
0.01284182
0.007373031
0.007138784
0.01057942
0.01048694
0.008467628
0.008615086
0.01135296
0.009674891
0.009527051
0.007681966
0.01244581
0.01248504
0.01456544
0.01026037
0.01049474
0.008264989
0.009652015
0.006917643
0.008100045
0.007591491
0.007828204
0.00591692
0.007444133
0.01091964
0.005811904
0.008657499
0.008532814
0.008323538
0.006987733
0.009653059
0.00819978
0.00713103
0.00908974
0.007542579
0.0110368
0.009814436
0.007087874
0.009366847
0.01021601
0.008292714
0.006663387
0.008724947
0.008743667
0.008227444
0.007779358
0.006373705
0.007723459
0.009490034
0.01290875
0.008270909
0.006431337
0.007931398
0.008749795
0.006080022
0.008108396
0.007414287
0.009679806
0.008193596
0.008760041
0.008805171
0.006861267
0.007449062
0.01038487
0.01044302
0.01066769
0.007704595
0.009135373
0.007101158
0.008145874
0.006968439
0.00701544
0.00760298
0.006033972
0.00735829
0.00963841
0.01058804
0.01182842
0.01071888
0.01312781
0.008397147
0.006491013
0.006350316
0.00670402
0.0104699
0.01008521
0.01113833
0.008670826
0.008816689
0.006258552
0.007320094
0.008769817
0.008441981
0.01021053
0.009460732
0.01065383
0.01230048
0.011713
0.00854037
0.007084206
0.01143778
0.009652649
0.007769874
0.0071834
0.00832397
0.01070261
0.008212573
0.007242645
0.006972477
0.00841922
0.00894471
0.009248226
0.009784071
0.009727618
0.01120278
0.008902541
0.006934985
0.009204818
0.007908345
0.008036668
0.008537853
0.007407798
0.008891314
0.007415588
0.01057849
0.009157893
0.007689045
0.008017836
0.006636747
0.01008287
0.01009629
0.01092828
0.00790887
0.01041761
0.006730856
0.008126421
0.007586239
0.01079252
0.008012273
0.009839066
0.008412343
0.01078561
0.01035421
0.01089261
0.008618101
0.01053611
0.006686263
0.0111125
0.01008842
0.0110075
0.01384967
0.01039424
0.006503759
0.006436205
0.005491962
0.006685777
0.00588751
0.007194871
0.008866989
0.007942721
0.007671848
0.009726911
0.009957529
