19.02878
21.61906
26.70244
25.01967
19.75804
17.35081
18.61617
16.14627
17.30075
18.45954
18.21801
22.29789
17.42793
17.62143
16.68487
15.1783
15.39911
14.91183
13.19767
16.33583
17.23529
14.96605
15.28106
14.91149
16.31842
18.63487
17.81705
16.79067
15.52837
14.93847
14.50349
16.15616
17.5054
20.08251
23.11007
21.39315
19.00501
19.72812
20.98182
20.93225
18.8349
21.20376
18.76004
20.93149
21.49877
18.15349
16.97233
15.55884
13.27782
9.6009
10.62578
11.08293
11.83482
11.96998
14.10339
15.24251
12.75351
13.92073
13.11162
13.30337
12.21667
12.80303
12.12238
11.7953
15.0754
12.86044
12.91987
12.77215
11.50808
11.35686
12.19462
14.59961
15.47003
17.76182
17.76692
15.97195
16.38684
15.62273
13.83315
15.18948
17.84187
19.26305
19.40408
20.10131
16.92593
13.50431
14.83509
14.07707
13.81646
13.93692
13.26582
15.26191
16.49043
16.39404
16.35497
18.11813
16.05257
17.05594
19.50339
18.12627
19.75918
20.18077
20.88462
18.98557
16.72403
13.43832
15.58672
13.70739
11.51655
11.78484
13.93987
16.1159
14.0432
19.12172
22.14071
21.96941
19.30961
18.74846
21.65934
19.67765
18.68197
19.23792
18.61404
21.39919
20.36855
20.29739
19.04716
19.54518
17.43576
18.26303
14.50606
13.83043
15.7704
18.29881
15.83327
18.88506
19.53961
17.46232
18.9952
15.41173
13.30695
13.35313
12.22175
12.88512
13.82363
14.35261
14.91811
15.4103
15.05041
15.24789
15.1926
15.67249
14.62899
14.74636
16.99041
17.78681
16.68733
18.56843
19.49515
16.61559
16.05347
13.70545
15.90085
17.53529
19.03769
20.06187
19.9056
18.86205
22.65693
23.03813
23.52771
21.4636
21.75563
17.40156
18.81323
14.1813
12.42422
12.03935
10.90999
12.86835
16.40366
17.90463
19.49758
17.42451
15.3848
16.39801
15.7294
17.04102
15.56109
17.58752
19.02919
17.71989
18.62682
21.14554
17.91961
16.606
15.66599
12.62552
13.80702
13.95412
12.37781
13.26271
13.99805
13.7311
14.86156
15.1285
15.07678
15.23956
13.36784
15.30281
16.78289
14.89465
16.6268
15.88388
15.08737
18.58246
19.31307
17.35612
18.36254
16.17439
15.8016
14.5367
18.25122
13.13865
14.07474
16.44113
15.22017
15.20869
16.78437
16.91586
16.1636
14.62624
17.23217
18.78637
20.86542
21.60218
20.81929
16.90636
19.47895
18.53443
16.87504
15.53184
17.60394
20.39566
19.38297
19.51715
22.74142
24.49869
24.51715
22.96609
19.81565
19.30125
16.52173
17.53257
16.0348
18.0575
15.22985
16.7821
16.28591
17.13428
16.5201
17.27612
18.73849
16.50791
18.70651
21.095
22.92042
20.88501
17.15592
17.93497
19.01187
15.40419
16.12189
17.8421
15.32403
16.36217
17.12933
21.03334
19.11721
19.49271
22.05492
19.05995
16.59088
14.94727
13.94522
12.95699
11.40472
12.4041
16.27114
18.54821
16.8164
16.97605
14.33574
17.62774
16.1379
16.44719
17.34698
17.80938
20.00246
18.99264
19.74174
18.46063
22.70863
19.02621
17.2179
16.9152
16.12892
16.40957
16.32236
15.24955
16.65911
15.94974
13.55512
15.00887
14.96971
16.93336
19.47272
16.20099
16.20771
17.36388
18.53333
20.84109
15.39188
15.89565
20.35865
16.00379
16.68374
14.87565
16.19263
14.86081
19.10712
19.97008
18.48197
21.23744
18.09311
19.33981
20.84894
21.62641
26.43579
23.30406
20.46058
20.02248
15.02772
13.7944
14.65329
15.61713
16.39112
16.3855
18.2947
23.46084
21.2191
20.14298
19.13258
19.95454
17.94986
17.2628
20.09412
17.75248
19.13368
19.22131
18.53367
18.58376
18.09518
16.27223
15.22695
16.78078
13.7542
16.53983
17.61301
19.8579
15.56891
14.09449
14.68454
15.12001
18.25582
17.50417
14.52535
15.37525
17.65005
15.41885
17.48729
18.76591
16.20638
16.25078
16.06087
15.65434
16.11603
19.123
21.51356
19.0445
22.1313
25.18622
23.44558
20.97308
20.4946
26.11849
20.95088
22.11775
24.73681
22.00054
23.12055
18.84188
15.30418
14.54222
14.43936
16.43981
18.5448
14.22221
14.15931
11.6252
15.03898
16.98336
16.8525
14.4431
16.07076
19.68702
14.46885
17.16042
15.05497
16.05905
15.83216
13.2976
16.66025
16.37942
16.32583
16.50663
13.72202
14.65173
14.07575
16.38143
18.77027
16.89296
15.1934
16.24165
18.19535
22.5141
20.17098
15.55778
16.77408
17.91892
17.80706
16.85066
15.24252
18.28496
17.86616
17.19755
17.76719
18.564
19.57309
16.99735
15.98976
19.86194
17.68301
21.44112
19.73527
17.96451
19.07801
17.2337
18.69736
18.67479
17.94912
16.10319
20.27287
18.44001
21.61281
16.4084
17.47344
15.83466
16.90031
19.96901
22.3464
18.39724
17.38185
19.49744
20.19034
15.2787
15.7045
16.31239
14.08594
14.22994
16.7994
16.26824
16.34124
16.89039
16.82396
17.03866
20.06787
13.97342
15.73297
19.11756
15.89602
13.32112
14.68614
17.71962
16.51937
14.70568
14.52789
14.61158
15.22153
13.13792
13.45645
13.65747
13.63446
13.70075
14.85893
14.5078
17.32591
18.8985
17.5661
16.29707
15.66405
15.97573
13.73102
16.26098
17.64692
20.3529
21.1168
15.82661
18.11477
17.50469
18.3809
16.78987
14.83282
15.78819
18.09954
17.4673
15.71562
16.14013
14.68464
17.36861
19.98915
16.05627
14.39336
14.69963
16.0212
18.761
19.87076
17.82121
14.83526
14.77938
14.45638
12.42239
14.82629
16.46594
19.1619
15.8916
14.50013
15.08061
16.98093
15.92052
15.25508
17.46437
20.6775
20.4005
18.02314
16.4609
15.84543
17.42877
20.28267
17.53023
18.02767
20.55211
19.69564
19.50957
18.74979
19.51018
18.68441
21.83817
19.01425
19.8899
19.67134
16.2689
16.75783
18.68491
17.79086
19.57869
18.17504
19.05397
13.84921
15.6885
15.19339
20.7639
18.03051
15.96407
15.58544
14.71639
16.36156
18.15068
19.90101
17.5318
15.99585
14.32476
14.09158
13.65057
14.00928
12.83762
12.42242
11.90238
14.47718
17.5263
19.439
23.78057
23.30705
15.13139
16.0162
16.54636
15.07547
16.3252
18.29258
16.09783
16.44559
16.99948
14.46228
14.29033
14.52585
14.0184
15.05991
16.2752
16.77128
14.98383
14.17268
13.01475
12.56496
14.25503
18.8703
17.43951
17.35679
16.76738
16.06955
12.52386
11.96711
13.92097
12.88064
13.33731
13.81585
14.69835
12.31571
9.466931
9.997754
9.633874
9.294604
10.84658
9.984701
12.76877
12.57176
14.01161
15.42489
17.91162
17.93994
18.27237
23.98123
22.47809
20.95078
21.83133
20.51487
22.73277
21.04065
21.70015
20.86812
20.98867
20.93611
15.84445
17.2449
19.51213
16.35841
20.79394
21.73673
21.18785
19.79727
21.02264
23.38158
20.44539
25.65172
23.72354
20.89426
19.89532
18.47912
17.35949
18.29946
18.45123
13.78651
14.66524
17.86337
20.24369
21.55305
19.632
16.94209
18.78316
18.69766
17.33716
17.37044
17.90451
16.64353
15.97183
18.80693
17.95089
13.51247
12.43914
13.46144
14.19225
13.22136
13.46171
17.20605
19.72792
19.9344
21.84851
17.1374
18.86077
17.55101
17.435
16.2502
17.86379
21.3381
18.30491
17.23873
16.41849
16.47957
16.19687
15.42405
13.57499
10.84557
12.52529
14.11163
16.50059
18.92167
16.89127
17.76063
15.39059
14.80685
12.00087
10.68187
14.0941
17.52085
19.27386
15.24548
14.17288
15.92955
16.16918
19.07712
20.79737
21.1805
20.20957
23.07733
22.18313
19.92431
18.59392
20.82973
20.74983
23.07662
19.99899
19.06812
19.14014
15.94064
16.12664
19.60219
19.47769
25.03349
19.10248
20.70971
18.12551
20.12161
22.79625
22.9091
19.92814
18.40272
20.96245
19.95826
19.46707
22.06034
19.43108
17.55093
21.8147
24.20953
21.35525
17.78919
15.82915
16.94762
16.735
16.63528
13.52404
14.3883
17.15062
14.38086
15.7676
13.99134
13.55098
12.58649
12.10328
13.47351
15.71728
14.95911
13.97025
14.27342
14.14842
15.96011
15.53436
16.01263
13.77168
14.61293
17.38834
17.04177
14.8637
13.93146
14.60621
13.76456
12.90147
13.78829
13.40922
16.02897
14.75918
13.4994
13.22756
13.83655
13.75655
14.98199
14.36063
13.80172
13.1564
12.06692
13.70577
14.16927
14.79257
11.9321
11.04338
11.66822
14.4656
16.15743
13.8175
12.82748
12.75493
15.08261
15.46316
15.95719
17.05494
17.77717
15.95765
12.61389
15.64529
13.63859
14.35375
14.02126
16.44613
16.69779
18.56674
23.43156
23.82541
22.71076
20.2295
16.13358
18.53236
18.8353
18.09369
16.66245
17.10666
18.66262
19.36765
18.40934
16.21978
17.9784
20.60039
21.44927
17.55906
17.84725
18.08919
17.68075
16.63741
16.61194
16.58086
16.81506
14.53803
14.83069
16.93757
13.77836
17.11344
19.31022
19.51205
23.30258
23.01462
18.83112
15.98283
17.47474
13.94977
13.53615
13.17243
16.32369
13.39355
14.28694
16.38273
17.1362
15.81296
14.47946
16.32742
18.44307
17.62704
18.33335
14.77806
15.43005
15.05469
15.45585
13.87192
13.29674
17.05778
18.81899
23.02453
23.02551
20.80866
18.25414
19.85653
20.0474
22.43023
24.35683
22.85765
18.89864
17.92743
19.08707
19.86604
19.28886
19.26364
14.51314
16.41929
17.72758
21.36305
18.82221
19.17356
17.75898
18.19494
15.4019
13.58104
16.12588
15.4801
16.99704
14.05375
15.63506
16.36378
15.6044
15.28995
18.35702
15.17563
12.59588
11.16364
12.93112
12.13007
14.94892
14.92152
11.94264
13.20173
12.59115
11.05168
10.6629
9.537942
11.04059
11.98384
11.05873
14.36217
13.40883
15.06106
16.27401
16.56894
18.67788
18.75483
14.54754
19.00909
17.46911
20.71899
18.81924
16.80681
15.30487
17.14935
16.90234
14.57819
16.46692
15.07655
15.71337
13.74206
15.7262
17.93173
20.06391
21.02044
17.39024
20.70453
17.27441
17.65957
17.23585
17.54453
16.78611
14.61253
13.36455
15.09131
16.21369
17.40644
16.30712
16.78749
16.83431
18.93161
16.2599
15.00236
18.13043
18.41908
18.31328
17.05418
